tree
version=v4
num_class=1
num_tree_per_iteration=1
label_index=0
max_feature_idx=18
objective=regression
feature_names=player_extra_point_attempts_lag1 player_extra_point_attempts_roll3_mean player_extra_point_attempts_roll5_mean player_extra_point_attempts_season_to_date player_extra_point_attempts_career_prior player_extra_points_made_lag1 player_extra_points_made_roll3_mean player_extra_points_made_roll5_mean player_extra_points_made_season_to_date player_extra_points_made_career_prior history_no_nfl_history_flag history_history_games eff_player_prior_rate eff_position_prior_rate eff_league_prior_rate eff_shrunk_rate eff_player_prior_exposure eff_prior_weight eff_rookie_position_prior_flag
feature_infos=[0:10] [0:6.3333334922790527] [0:5.8000001907348633] [0:8] [0:5] [0:10] [0:6.3333334922790527] [0:5.8000001907348633] [0:8] [0:5] [0:1] [0:217] [0:1] [0.94220921726408191:1] [0.95425949226556139:1] [0.88231578947368428:1] [0:527] none [0:1]
tree_sizes=2745 2959 2959 2955

Tree=0
num_leaves=31
num_cat=0
split_feature=14 14 9 4 14 0 8 15 13 9 3 6 12 8 3 4 15 5 4 15 1 11 11 14 12 15 13 3 4 0
split_gain=3.25675 0.703846 0.628776 0.536378 0.706427 0.393172 0.413398 0.346869 0.365107 0.344851 0.4644 0.439324 0.302357 0.327723 0.547463 0.290355 0.246154 0.242239 0.24103 0.295448 0.229301 0.202579 0.20946 0.20141 0.200433 0.189109 0.309189 0.183451 0.241459 0.223237
threshold=0.99282959970620654 0.95495421976571004 2.0031056404113774 2.1505223512649541 0.96143439628476368 3.5000000000000004 1.0255320668220522 0.97587984849309273 0.9677218182756816 1.7520492076873782 1.7596153616905215 1.0714905858039858 0.94746043430253968 2.0690475702285771 1.9687500000000002 2.3739387989044194 0.96495512335240063 1.0255320668220522 2.5836129188537602 0.96244680311002295 1.8333333134651186 83.500000000000014 9.5000000000000018 0.97006817900967468 0.93738468634686356 0.95659898348456873 0.96893389075023972 2.3923077583312993 3.2509258985519414 5.5000000000000009
decision_type=8 10 8 10 10 10 10 10 10 10 10 10 10 10 10 10 10 8 10 10 10 2 2 10 10 10 10 8 8 10
left_child=1 -1 3 5 -5 6 25 8 17 10 11 -8 -10 14 23 -15 -17 18 19 20 -4 22 -11 -14 -24 -3 -27 -19 29 -29
right_child=-2 2 7 4 -6 -7 9 -9 12 21 -12 -13 13 15 -16 16 -18 27 -20 -21 -22 -23 24 -25 -26 26 -28 28 -30 -31
leaf_value=0.94972912617121852 0.95059918463394655 0.95065437564469746 0.94928107634090342 0.94314177859594839 0.94823488949012402 0.9502308408638509 0.94553252024592271 0.94949388352971742 0.94921197370761623 0.9473061052103442 0.9447656940158542 0.94889391566770032 0.94967223275850621 0.95034730285349955 0.94465038025967218 0.94573770890476672 0.94873770899661847 0.9498693096481754 0.94983517029119335 0.946342161032804 0.94747467813030328 0.94758020500044193 0.94799907272256889 0.94671636752851029 0.95022050716964135 0.94665020902360353 0.9502945271769232 0.94892979846491243 0.9502996459248263 0.94667223279096946
leaf_weight=878 1426 72 147 43 57 91 53 911 136 53 67 103 42 51 73 40 64 303 83 73 111 178 55 41 109 40 44 642 111 42
leaf_count=878 1426 72 147 43 57 91 53 911 136 53 67 103 42 51 73 40 64 303 83 73 111 178 55 41 109 40 44 642 111 42
internal_value=0.949343 0.948963 0.948787 0.948125 0.946045 0.948366 0.948146 0.94901 0.948785 0.947798 0.946855 0.947752 0.948032 0.947516 0.946545 0.948493 0.947584 0.949008 0.94839 0.948027 0.948504 0.94833 0.948946 0.948212 0.949476 0.949526 0.948559 0.949241 0.949002 0.948791
internal_weight=6139 4713 3835 965 100 865 774 2870 1959 618 223 156 447 311 156 155 104 1512 414 331 258 395 217 83 164 156 84 1098 795 684
internal_count=6139 4713 3835 965 100 865 774 2870 1959 618 223 156 447 311 156 155 104 1512 414 331 258 395 217 83 164 156 84 1098 795 684
is_linear=0
shrinkage=1


Tree=1
num_leaves=31
num_cat=0
split_feature=14 14 9 4 14 0 8 15 13 13 11 14 9 11 12 9 12 2 8 11 5 14 4 15 8 8 15 13 15 3
split_gain=3.06428 0.662248 0.591615 0.504678 0.664677 0.369936 0.388967 0.326369 0.343529 0.325875 0.647066 0.756129 0.359906 0.310987 0.376886 0.289274 0.300114 0.269779 0.551811 0.250877 0.227923 0.238216 0.210377 0.440768 0.227168 0.200862 0.177932 0.290916 0.174632 0.190662
threshold=0.99282959970620654 0.95495421976571004 2.0031056404113774 2.1505223512649541 0.96143439628476368 3.5000000000000004 1.0255320668220522 0.97587984849309273 0.9677218182756816 0.95693946435844446 21.500000000000004 0.96969696722042331 1.5526478290557864 83.500000000000014 0.97062143141681057 2.1774671077728276 0.94746043430253968 2.3666666746139531 2.2182539701461796 26.500000000000004 1.0255320668220522 0.9644655623711661 2.5836129188537602 0.96244680311002295 1.5166666507720949 1.9198717474937441 0.95659898348456873 0.96893389075023972 0.97243815283085155 2.3923077583312993
decision_type=8 10 8 10 10 10 10 10 10 10 2 10 10 2 10 10 10 10 10 2 8 10 10 10 8 8 10 10 10 8
left_child=1 -1 3 5 -5 6 26 8 20 19 11 12 -11 -12 -15 -10 -17 -18 -19 -8 21 22 23 24 -4 -26 -3 -28 29 -22
right_child=-2 2 7 4 -6 -7 9 -9 15 10 13 -13 -14 14 -16 16 17 18 -20 -21 28 -23 -24 -25 25 -27 27 -29 -30 -31
leaf_value=0.00037454342499273515 0.0012185000742656318 0.0012720353730643788 0.00029770439973583925 -0.0060151834586678549 -0.001074866176043686 0.00086120666956508544 0.00081348514184355727 0.00014635800399319661 4.8304703419229816e-05 -0.0069880675291642538 1.7640097783162042e-06 -0.0010673924047552364 -0.0033331055574271143 -0.004489906165748834 -0.00085796169936656951 -0.00025353312127940033 -0.0012365411973353159 -0.0059409947016022422 -0.0017674754711764829 -0.0013386251628398893 0.00065855992823531941 0.00084042788183285016 0.00029598968631740826 -0.0039075062423944472 -0.0034638929703250162 -0.00099751764287551244 -0.0026120062535628674 0.00092298235574906522 -0.0014132574892469813 -0.00025084453700612686
leaf_weight=878 1426 72 81 43 57 91 78 911 112 48 130 71 49 40 72 92 118 44 81 130 291 59 67 58 41 108 40 44 84 723
leaf_count=878 1426 72 81 43 57 91 78 911 112 48 130 71 49 40 72 92 118 44 81 130 291 59 67 58 41 108 40 44 84 723
internal_value=-8.44699e-12 -0.000368678 -0.000538834 -0.00118143 -0.0031992 -0.000948158 -0.00116089 -0.000322771 -0.000540932 -0.00149878 -0.00198945 -0.00341985 -0.00514175 -0.000996447 -0.00215508 -0.00127158 -0.00171285 -0.00226535 -0.00323655 -0.000531584 -0.000324927 -0.000924774 -0.00121815 -0.00157039 -0.000981032 -0.00167618 0.000177676 -0.000760346 -9.87553e-05 1.01384e-05
internal_weight=6139 4713 3835 965 100 865 774 2870 1959 618 410 168 97 242 112 447 335 243 125 208 1512 414 355 288 230 149 156 84 1098 1014
internal_count=6139 4713 3835 965 100 865 774 2870 1959 618 410 168 97 242 112 447 335 243 125 208 1512 414 355 288 230 149 156 84 1098 1014
is_linear=0
shrinkage=0.03


Tree=2
num_leaves=31
num_cat=0
split_feature=14 14 9 4 14 4 9 11 13 14 5 1 8 3 9 3 0 3 12 11 4 0 9 15 8 14 14 13 12 12
split_gain=2.88318 0.623487 0.59584 0.504367 0.753459 0.38389 0.340006 0.327399 0.471335 0.502831 0.273478 0.3103 0.447449 0.559394 0.255147 0.242911 0.263127 0.23197 0.576092 0.247486 0.222754 0.22139 0.243935 0.28033 0.46686 0.589926 0.214456 0.204855 0.449038 0.170907
threshold=0.99282959970620654 0.95501763478014923 2.0031056404113774 2.1505223512649541 0.96143439628476368 2.22756040096283 2.590326309204102 9.5000000000000018 0.95681650541688013 0.96773977835350811 1.0000000180025095e-35 1.8333333134651186 1.9045454263687136 1.8708333373069765 2.2851929664611821 1.2071428894996645 3.5000000000000004 2.1291667222976689 0.96948227976517165 116.50000000000001 2.273418784141541 2.5000000000000004 2.1858804225921635 0.95396997640965608 2.3100961446762089 0.97443906457924834 0.96259175456587787 0.95741430311912401 0.96408721019499477 0.96091567737430184
decision_type=8 10 8 10 10 10 10 2 10 10 10 10 8 10 10 10 10 10 10 2 10 10 10 10 10 10 10 10 8 10
left_child=1 27 3 7 -5 -4 10 8 -3 -10 14 -12 13 -13 26 -9 17 19 -19 -17 -14 -22 -23 -24 25 -25 -7 -1 -29 -26
right_child=-2 2 5 4 -6 6 -8 15 9 -11 11 12 20 -15 -16 16 -18 18 -20 -21 21 22 23 24 29 -27 -28 28 -30 -31
leaf_value=0.00043775650430051462 0.0011819451388499346 0.0005917120344461278 0.00042798242746350284 -0.0064137976951897137 -0.0010426202828162595 -0.0046144446975937697 6.0733163253569493e-05 0.00061249920584518331 -0.0045651313691939177 -0.0010909273213631397 0.00026569468970489988 -0.00076577967753814111 0.00071878529407761317 -0.0050795783824287349 -0.00071364013569020644 -0.00036299690857529641 0.00078866722009011676 -0.0042608440649651346 0.00010167759843170642 -0.0025231284275650978 -0.0001378638931335165 -0.0033900617659091948 0.00013405416136151116 -0.0050400707013905045 -0.0020622882781469302 -0.00040432377851435118 -0.0015460329848091777 0.00041823514517438546 -0.0032589350789785382 -0.00034531780144321582
leaf_weight=933 1426 47 499 40 57 41 693 116 76 74 293 62 99 48 82 250 70 63 48 59 312 40 151 60 69 42 41 89 45 214
leaf_count=933 1426 47 499 40 57 41 693 116 76 74 293 62 99 48 82 250 70 63 48 59 312 40 151 60 69 42 41 89 45 214
internal_value=7.17266e-12 -0.000357618 -0.000544282 -0.00121418 -0.00325754 -0.000324724 -0.00049188 -0.000967345 -0.00202979 -0.00285119 -0.000738316 -0.000601615 -0.000833267 -0.00264816 -0.00189694 -0.000621963 -0.000914204 -0.00119802 -0.00237435 -0.000775449 -0.000630999 -0.000781481 -0.00113011 -0.000961454 -0.00139112 -0.00313123 -0.00308024 0.000280223 -0.000816635 -0.000763943
internal_weight=6139 4713 3646 900 97 2746 2247 803 197 150 1554 1390 1097 110 164 606 490 420 111 309 987 888 576 536 385 102 82 1067 134 283
internal_count=6139 4713 3646 900 97 2746 2247 803 197 150 1554 1390 1097 110 164 606 490 420 111 309 987 888 576 536 385 102 82 1067 134 283
is_linear=0
shrinkage=0.03


Tree=3
num_leaves=31
num_cat=0
split_feature=14 14 9 4 14 11 13 14 15 13 9 12 3 0 8 3 3 5 14 12 15 8 12 8 15 12 8 8 3 1
split_gain=2.71278 0.590254 0.524652 0.445676 0.587666 0.333784 0.559528 0.507239 0.297175 0.315417 0.267504 0.25442 0.245368 0.270767 0.233971 0.665974 0.227841 0.209215 0.222378 0.199123 0.197741 0.383724 0.230139 0.26087 0.277285 0.182977 0.542077 0.249591 0.167453 0.268724
threshold=0.99282959970620654 0.95495421976571004 2.0031056404113774 2.1505223512649541 0.96143439628476368 9.5000000000000018 0.95681650541688013 0.96773977835350811 0.97587984849309273 0.9677218182756816 2.2008771896362309 0.94746043430253968 1.3798077106475832 3.5000000000000004 2.1055555343627934 2.0954544544219975 2.1483516693115239 1.0255320668220522 0.9644655623711661 0.96160546770302879 0.96244680311002295 1.6961538791656496 0.96006644518272433 1.5166666507720949 0.95186963785835921 0.96948227976517165 2.0741758346557622 1.433035731315613 1.0000000180025095e-35 1.8333333134651186
decision_type=8 10 8 10 10 2 10 10 10 10 10 10 10 10 10 8 8 8 10 10 10 10 10 8 10 10 10 10 10 10
left_child=1 -1 3 5 -5 6 -3 -8 9 17 16 -12 -7 25 15 -13 -11 18 20 -16 22 -22 23 -4 -25 26 27 -14 29 -2
right_child=28 2 8 4 -6 12 7 -9 -10 10 11 14 13 -15 19 -17 -18 -19 -20 -21 21 -23 -24 24 -26 -27 -28 -29 -30 -31
leaf_value=0.00035477162256056195 -0.0018637984458889278 0.00069231839229663206 0.00026407011856253331 -0.0056566547134587935 -0.0010113416474900746 0.0004523544434320043 -0.0044940568686083508 -0.0010581995370621616 0.00014359408709436295 -0.0015829512033739993 -0.00031915375239708845 -0.0014082084725732388 -0.0031052981653228034 0.00079361464726190043 -0.002948485898785293 -0.0061996047225381639 0.00086176234430500429 -8.8568020795212404e-05 0.00082555182783280393 -0.00028812477122182431 -0.004569600937888026 -0.00066125572372514472 0.0012910361960530282 -0.00098302479833364473 -0.0038110803642674631 -0.00032266688655162675 -0.0043660339305423334 -0.00051434063035380709 0.0012418575003822613 0.0011635322627467169
leaf_weight=878 42 54 78 43 57 162 81 74 911 58 85 69 41 73 40 42 84 1098 59 69 40 52 42 97 46 145 53 182 1313 71
leaf_count=878 42 54 78 43 57 162 81 74 911 58 85 69 41 73 40 42 84 1098 59 69 40 52 42 97 46 145 53 182 1313 71
internal_value=2.00252e-12 -0.000346889 -0.000507531 -0.00111266 -0.00300883 -0.000893455 -0.00193751 -0.00285371 -0.000304062 -0.000512237 -0.00121235 -0.00171311 -0.000560821 -0.000893077 -0.00225168 -0.00322117 -0.000136783 -0.000305259 -0.000879961 -0.0012644 -0.00116341 -0.00236054 -0.000744647 -0.00113152 -0.00189275 -0.00118554 -0.00163887 -0.000990705 0.00114649 3.83297e-05
internal_weight=6139 4713 3835 965 100 865 209 155 2870 1959 447 305 656 494 220 111 142 1512 414 109 355 92 263 221 143 421 276 223 1426 113
internal_count=6139 4713 3835 965 100 865 209 155 2870 1959 447 305 656 494 220 111 142 1512 414 109 355 92 263 221 143 421 276 223 1426 113
is_linear=0
shrinkage=0.03


end of trees

feature_importances:
eff_league_prior_rate=20
player_extra_points_made_season_to_date=13
eff_shrunk_rate=12
player_extra_point_attempts_season_to_date=11
player_extra_points_made_career_prior=11
eff_player_prior_rate=11
player_extra_point_attempts_career_prior=10
eff_position_prior_rate=9
history_history_games=8
player_extra_point_attempts_lag1=6
player_extra_points_made_lag1=4
player_extra_point_attempts_roll3_mean=3
player_extra_point_attempts_roll5_mean=1
player_extra_points_made_roll3_mean=1

parameters:
[boosting: gbdt]
[objective: regression]
[metric: rmse]
[tree_learner: serial]
[device_type: cpu]
[data_sample_strategy: bagging]
[data: ]
[valid: ]
[num_iterations: 4]
[learning_rate: 0.03]
[num_leaves: 31]
[num_threads: 1]
[seed: 24024]
[deterministic: 1]
[force_col_wise: 1]
[force_row_wise: 0]
[histogram_pool_size: -1]
[max_depth: -1]
[min_data_in_leaf: 40]
[min_sum_hessian_in_leaf: 0.001]
[bagging_fraction: 1]
[pos_bagging_fraction: 1]
[neg_bagging_fraction: 1]
[bagging_freq: 0]
[bagging_seed: 24024]
[bagging_by_query: 0]
[feature_fraction: 1]
[feature_fraction_bynode: 1]
[feature_fraction_seed: 24024]
[extra_trees: 0]
[extra_seed: 8483]
[early_stopping_round: 0]
[early_stopping_min_delta: 0]
[first_metric_only: 0]
[max_delta_step: 0]
[lambda_l1: 0]
[lambda_l2: 0]
[linear_lambda: 0]
[min_gain_to_split: 0]
[drop_rate: 0.1]
[max_drop: 50]
[skip_drop: 0.5]
[xgboost_dart_mode: 0]
[uniform_drop: 0]
[drop_seed: 27597]
[top_rate: 0.2]
[other_rate: 0.1]
[min_data_per_group: 100]
[max_cat_threshold: 32]
[cat_l2: 10]
[cat_smooth: 10]
[max_cat_to_onehot: 4]
[top_k: 20]
[monotone_constraints: ]
[monotone_constraints_method: basic]
[monotone_penalty: 0]
[feature_contri: ]
[forcedsplits_filename: ]
[refit_decay_rate: 0.9]
[cegb_tradeoff: 1]
[cegb_penalty_split: 0]
[cegb_penalty_feature_lazy: ]
[cegb_penalty_feature_coupled: ]
[path_smooth: 0]
[interaction_constraints: ]
[verbosity: -1]
[saved_feature_importance_type: 0]
[use_quantized_grad: 0]
[num_grad_quant_bins: 4]
[quant_train_renew_leaf: 0]
[stochastic_rounding: 1]
[linear_tree: 0]
[max_bin: 255]
[max_bin_by_feature: ]
[min_data_in_bin: 3]
[bin_construct_sample_cnt: 200000]
[data_random_seed: 24024]
[is_enable_sparse: 1]
[enable_bundle: 1]
[use_missing: 1]
[zero_as_missing: 0]
[feature_pre_filter: 1]
[pre_partition: 0]
[two_round: 0]
[header: 0]
[label_column: ]
[weight_column: ]
[group_column: ]
[ignore_column: ]
[categorical_feature: ]
[forcedbins_filename: ]
[precise_float_parser: 0]
[parser_config_file: ]
[objective_seed: 14575]
[num_class: 1]
[is_unbalance: 0]
[scale_pos_weight: 1]
[sigmoid: 1]
[boost_from_average: 1]
[reg_sqrt: 0]
[alpha: 0.9]
[fair_c: 1]
[poisson_max_delta_step: 0.7]
[tweedie_variance_power: 1.5]
[lambdarank_truncation_level: 30]
[lambdarank_norm: 1]
[label_gain: ]
[lambdarank_position_bias_regularization: 0]
[eval_at: ]
[multi_error_top_k: 1]
[auc_mu_weights: ]
[num_machines: 1]
[local_listen_port: 12400]
[time_out: 120]
[machine_list_filename: ]
[machines: ]
[gpu_platform_id: -1]
[gpu_device_id: -1]
[gpu_use_dp: 0]
[num_gpu: 1]

end of parameters

pandas_categorical:[]
