tree
version=v4
num_class=1
num_tree_per_iteration=1
label_index=0
max_feature_idx=87
objective=regression
feature_names=home_flag role_injury_out_flag role_injury_doubtful_flag role_injury_questionable_flag role_team_change_flag role_games_with_current_team_before_game role_primary_kicker_flag history_no_nfl_history_flag history_new_team_flag history_history_games player_field_goal_attempts_lag1 player_field_goal_attempts_roll3_mean player_field_goal_attempts_roll5_mean player_field_goal_attempts_ewm5 player_field_goal_attempts_season_to_date player_field_goal_attempts_career_prior player_field_goals_made_lag1 player_field_goals_made_roll3_mean player_field_goals_made_roll5_mean player_field_goals_made_ewm5 player_field_goals_made_season_to_date player_field_goals_made_career_prior player_extra_point_attempts_lag1 player_extra_point_attempts_roll3_mean player_extra_point_attempts_roll5_mean player_extra_point_attempts_ewm5 player_extra_point_attempts_season_to_date player_extra_point_attempts_career_prior player_extra_points_made_lag1 player_extra_points_made_roll3_mean player_extra_points_made_roll5_mean player_extra_points_made_ewm5 player_extra_points_made_season_to_date player_extra_points_made_career_prior player_kicking_fg_attempts_lag1 player_kicking_fg_attempts_roll3 player_kicking_fg_attempts_roll5 player_kicking_fg_make_pct_career_prior player_kicking_fg_make_pct_season_prior player_kicking_pat_attempts_roll3 player_kicking_pat_make_pct_career_prior player_kicking_team_drives_roll3 player_kicking_team_points_per_drive_roll3 player_kicking_team_red_zone_td_rate_roll3 player_kicking_opponent_points_per_drive_allowed_roll3 player_kicking_opponent_red_zone_td_rate_allowed_roll3 team_drives_roll3_mean team_drives_roll5_mean team_drives_ewm5 team_drives_season_to_date team_points_per_drive_roll3_mean team_points_per_drive_roll5_mean team_points_per_drive_ewm5 team_points_per_drive_season_to_date team_red_zone_drives_roll3_mean team_red_zone_drives_roll5_mean team_red_zone_drives_ewm5 team_red_zone_drives_season_to_date team_field_goal_attempts_roll3_mean team_field_goal_attempts_roll5_mean team_field_goal_attempts_ewm5 team_field_goal_attempts_season_to_date team_extra_point_attempts_roll3_mean team_extra_point_attempts_roll5_mean team_extra_point_attempts_ewm5 team_extra_point_attempts_season_to_date team_red_zone_td_rate_roll3_mean team_red_zone_td_rate_roll5_mean team_red_zone_td_rate_ewm5 team_red_zone_td_rate_season_to_date matchup_expected_team_plays matchup_off_epa_vs_def_epa environment_divisional_game_flag environment_neutral_site_flag environment_temperature environment_wind environment_international_flag environment_weather_missing_flag environment_travel_missing_flag environment_team_rest_days environment_opponent_rest_days environment_team_miles_traveled environment_opponent_miles_traveled environment_team_time_zones_crossed environment_opponent_time_zones_crossed role_injury_status_pregame environment_roof environment_surface
feature_infos=[0:1] none none [0:1] [0:1] [0:211] [0:1] [0:1] [0:1] [0:217] [0:8] [0:5] [0:5] [0:5] [0:7] [0:5] [0:7] [0:5] [0:4] [0:4.0771498680114746] [0:7] [0:4] [0:10] [0:6.3333334922790527] [0:5.8000001907348633] [0:5.9464197158813477] [0:8] [0:5] [0:10] [0:6.3333334922790527] [0:5.8000001907348633] [0:5.9464197158813477] [0:8] [0:5] [0:8] [0:5] [0:5] [0:1] [0:1] [0:6.3333334922790527] [0:1] [8:16] [0.25641025641025644:4.2222222222222223] [0:1] [0.33333333333333331:4.2222222222222223] [0:1] [8:16] [8:14.800000000000001] [8:14.865794470563653] [6:16] [0.25641025641025644:4.2222222222222223] [0.33333333333333331:4.2222222222222223] [0.33333333333333331:4.2222222222222223] [0:4.4000000000000004] [0.66666666666666663:7.333333333333333] [1.3999999999999999:7] [1.3417189995068814:7] [0:7] [0:5] [0:5] [0:5] [0:6] [0:6.333333333333333] [0:6] [0:6] [0:8] [0:1] [0:1] [0:1] [0:1] [49.5:78.5] [-0.66009375668216697:0.79030825619748946] [0:1] [0:1] [1:97] [0:71] [0:1] [0:1] none [4:17] [4:17] [0:2719.8000000000002] [0:2719.8000000000002] [0:3] [0:3] -1:0:1 -1:3:1:0:2 -1:4:3:6:5:2:0:1
tree_sizes=2696 2865 2884 2868 2869 2887 2888 2869 2863 2869 2858 2901

Tree=0
num_leaves=31
num_cat=0
split_feature=24 64 20 74 40 21 75 33 81 69 19 63 67 70 5 40 65 60 61 17 27 69 33 38 45 81 28 33 65 27
split_gain=1484.79 636.304 453.667 344.628 261.425 253.061 229.736 200.777 190.86 170.455 164.431 171.042 152.925 148.775 148.129 159.743 146.5 145.224 143.508 138.814 146.309 133.764 183.608 129.773 127.515 122.625 117.756 152.99 145.899 117.718
threshold=1.0000000180025095e-35 2.4364736016299333 1.6076923012733462 59.500000000000007 0.95789474144866926 1.3234953284263613 8.5000000000000018 2.3183087110519414 1.0000000180025095e-35 0.58520833333333344 1.6820021867752077 2.9000000000000004 0.54130952380952391 59.916666666666679 80.500000000000014 0.99519228370661883 1.8619047619047622 3.1424063198301098 1.9687500000000002 2.4166666269302373 2.3479461669921879 0.55538194444444455 1.8314593434333803 0.80000001708666468 0.48611111111111122 190.45000000000002 1.0761333703994753 1.9718303680419924 2.4580419580419588 2.2633970975875859
decision_type=8 8 10 8 8 10 10 10 2 8 8 8 8 10 2 10 10 10 10 10 10 8 10 10 10 2 10 10 8 10
left_child=-1 2 3 23 9 -5 13 14 -6 25 24 -12 -9 -4 15 -7 18 19 -15 -18 -21 -8 -23 -2 26 -3 -10 -28 -29 -24
right_child=1 4 6 5 8 7 21 12 10 -11 11 -13 -14 16 -16 -17 17 -19 -20 20 -22 22 29 -25 -26 -27 27 28 -30 -31
leaf_value=6.9649954520656525 7.081320614814401 7.2077880066051421 7.1218516945503163 7.0968248913789092 7.1594130064409427 7.1101980061066987 7.0900380059660852 7.0997046729303239 7.0785834609402869 7.1246510049180731 7.1345719869097888 7.1712001686122662 7.1594874447199501 7.0956577245943642 7.1757821922979241 7.145772700059303 7.1541005063555474 7.1099470973669145 7.1413361430872619 7.219961083027024 7.1470380062586907 7.0780380061171293 7.1523340957887642 7.1098021259091784 7.1626743700616755 7.1369971899677402 7.1860380060016453 7.084690180086862 7.1321580063451169 7.1193651091384664
leaf_weight=47 276 40 263 244 1040 500 110 45 44 677 206 259 267 71 43 147 480 55 483 65 40 60 179 301 99 49 40 69 375 214
leaf_count=47 276 40 263 244 1040 500 110 45 44 677 206 259 267 71 43 147 480 55 483 65 40 60 179 301 99 49 40 69 375 214
internal_value=7.13303 7.1342 7.1262 7.11535 7.14481 7.12422 7.13599 7.13089 7.15022 7.12978 7.14146 7.15497 7.15086 7.14228 7.12186 7.11828 7.14678 7.15655 7.13548 7.16094 7.19218 7.11971 7.12692 7.09618 7.13143 7.16881 7.12557 7.12984 7.12478 7.13438
internal_weight=6788 6741 3843 1823 2898 1246 2020 1002 2132 766 1092 465 312 1457 690 647 1194 640 554 585 105 563 453 577 627 89 528 484 444 393
internal_count=6788 6741 3843 1823 2898 1246 2020 1002 2132 766 1092 465 312 1457 690 647 1194 640 554 585 105 563 453 577 627 89 528 484 444 393
is_linear=0
shrinkage=1


Tree=1
num_leaves=31
num_cat=0
split_feature=24 64 20 74 40 21 75 33 81 69 19 63 67 70 5 40 65 60 61 60 61 69 33 38 5 45 45 81 21 27
split_gain=1397.04 598.698 426.856 324.261 245.975 238.106 216.158 188.911 179.58 160.381 154.713 160.933 143.887 139.982 139.375 150.303 137.842 136.641 135.026 131.39 126.559 125.859 172.757 122.103 120.021 119.979 118.161 115.377 114.108 112.193
threshold=1.0000000180025095e-35 2.4364736016299333 1.6076923012733462 59.500000000000007 0.95789474144866926 1.3234953284263613 8.5000000000000018 2.3183087110519414 1.0000000180025095e-35 0.58520833333333344 1.6820021867752077 2.9000000000000004 0.54130952380952391 59.916666666666679 80.500000000000014 0.99519228370661883 1.8619047619047622 3.1424063198301098 1.9687500000000002 2.6319387238862006 2.5419580419580421 0.55538194444444455 1.8314593434333803 0.80000001708666468 20.500000000000004 0.48611111111111122 0.60158730158730178 190.45000000000002 2.0030303001403813 1.8555161952972414
decision_type=8 8 10 8 8 10 10 10 2 8 8 8 8 10 2 10 10 10 10 10 10 8 10 10 2 10 8 2 10 10
left_child=-1 2 3 23 9 -5 13 14 -6 27 25 -12 -9 -4 15 29 18 19 -15 20 26 -8 -23 -2 -21 -10 -18 -3 -24 -7
right_child=1 4 6 5 8 7 21 12 10 -11 11 -13 -14 16 -16 -17 17 -19 -20 24 -22 22 28 -25 -26 -27 -28 -29 -30 -31
leaf_value=-0.16299241502709846 -0.050157010743151535 0.072516359511762857 -0.01084186380183742 -0.035117863625226939 0.025592609968322973 -0.054951510220011573 -0.041701138828965749 -0.032324474667509394 -0.0072330709987066004 -0.0081265304929836798 0.0014968200324519166 0.037026155994895796 0.025664815469069426 -0.036250015132024249 0.04147071997786677 0.012361510335182657 0.067921382326346175 -0.022389323733069681 0.0080580528182272581 0.085378373856261625 -0.020648759476474075 -0.053341142371296883 -0.0042797697163545166 -0.02252994409827299 0.026903201240827058 0.028756131818800261 0.01941015757166821 0.0038492672783987866 0.048043817941631588 -0.015990026101576179
leaf_weight=47 276 40 263 244 1040 79 110 45 528 677 206 259 267 71 43 147 52 55 483 59 61 60 351 301 68 99 345 49 42 421
leaf_count=47 276 40 263 244 1040 79 110 45 528 677 206 259 267 71 43 147 52 55 483 59 61 60 351 301 68 99 345 49 42 421
internal_value=-3.6287e-11 0.00113643 -0.00662742 -0.0171521 0.011432 -0.00854209 0.00287084 -0.00207054 0.0166708 -0.00314934 0.00817391 0.0212863 0.017301 0.00897121 -0.0108298 -0.0143058 0.0133354 0.022819 0.00237958 0.0270694 0.0195826 -0.0129164 -0.00592677 -0.035745 0.0540688 -0.00155057 0.0257643 0.0347109 0.00131206 -0.0221459
internal_weight=6788 6741 3843 1823 2898 1246 2020 1002 2132 766 1092 465 312 1457 690 647 1194 640 554 585 458 563 453 577 127 627 397 89 393 500
internal_count=6788 6741 3843 1823 2898 1246 2020 1002 2132 766 1092 465 312 1457 690 647 1194 640 554 585 458 563 453 577 127 627 397 89 393 500
is_linear=0
shrinkage=0.03


Tree=2
num_leaves=31
num_cat=1
split_feature=24 64 20 74 40 21 75 33 82 65 5 40 32 19 69 61 9 67 87 9 57 30 14 70 5 64 74 69 18 37
split_gain=1314.47 563.315 401.629 305.097 231.437 224.034 203.383 177.747 169.268 187.023 179.168 174.884 168.507 208.008 150.903 150.889 142.997 135.383 134.542 134.432 133.361 133.188 143.919 131.709 136.635 146.751 129.576 119.947 119.586 131.186
threshold=1.0000000180025095e-35 2.4364736016299333 1.6076923012733462 59.500000000000007 0.95789474144866926 1.3234953284263613 8.5000000000000018 2.3183087110519414 911.35000000000002 2.6076923076923082 15.500000000000002 0.96936818531448243 2.6961538791656499 1.5258010029792788 0.58520833333333344 1.9309523809523812 77.500000000000014 0.54130952380952391 0 33.500000000000007 4.8619047619047624 2.8999999761581425 1.3923076987266543 59.916666666666679 1.5000000000000002 1.7150247912388075 37.500000000000007 0.47886904761904769 2.3666666746139531 0.8141025475114293
decision_type=8 8 10 8 8 10 10 10 2 8 2 10 10 10 8 8 2 8 9 2 8 8 10 10 2 10 8 8 10 10
left_child=-1 2 3 -2 14 -5 23 18 9 11 -10 -6 15 20 -3 -11 -17 -9 -7 -20 -14 22 -13 -4 -25 -26 -22 -8 29 -29
right_child=1 4 6 5 8 7 27 17 10 12 -12 21 13 -15 -16 16 -18 -19 19 -21 26 -23 -24 24 25 -27 -28 28 -30 -31
leaf_value=-0.15810264139416369 -0.034672621863101653 0.033669556252072366 -0.010516605357650114 -0.034064325429804504 0.030834374721303126 0.016256465938814142 -0.060086472150446345 -0.031354740962386128 0.0071771031970327545 0.07100897894349209 0.046167002619818001 -0.076353127062320711 0.048175438413532765 0.025376727846074608 -0.0078827371207262596 0.042991914119487419 -0.0077660503098741169 0.024894871507467848 0.012655877597630023 -0.024349033864078117 -0.057832641442154727 0.020873307830521038 -0.014995973503625974 -0.035108551032402936 0.0016901983673285159 0.023709515019286451 -0.0026913753514978245 -0.051546196143787644 0.016671612957143225 -0.0080618260041498153
leaf_weight=47 577 89 263 244 99 131 44 45 165 86 297 40 41 470 677 133 80 267 110 449 43 77 246 51 448 695 355 78 128 313
leaf_count=47 577 89 263 244 99 131 44 45 165 86 297 40 41 470 677 133 80 267 110 449 43 77 246 51 448 695 355 78 128 313
internal_value=1.24173e-10 0.00110233 -0.0064286 -0.0166375 0.011089 -0.00828582 0.00278472 -0.00200842 0.0161707 0.0117246 0.032242 -0.00450928 0.0179333 0.0115072 -0.00305486 0.0374696 0.0239279 0.0167819 -0.0105049 -0.0167673 -0.0033418 -0.0141485 -0.0235774 0.00870207 0.0129353 0.015079 -0.00864885 -0.0125289 -0.00849709 -0.0167365
internal_weight=6788 6741 3843 1823 2898 1246 2020 1002 2132 1670 462 462 1208 909 766 299 213 312 690 559 439 363 286 1457 1194 1143 398 563 519 391
internal_count=6788 6741 3843 1823 2898 1246 2020 1002 2132 1670 462 462 1208 909 766 299 213 312 690 559 439 363 286 1457 1194 1143 398 563 519 391
cat_boundaries=0 1
cat_threshold=8
is_linear=0
shrinkage=0.03


Tree=3
num_leaves=31
num_cat=0
split_feature=24 64 20 74 40 21 75 33 81 19 69 65 5 40 67 57 70 5 64 38 69 33 27 40 74 41 81 63 48 32
split_gain=1236.8 529.944 377.785 287.154 217.759 210.859 191.363 167.153 164.443 144.013 141.984 134.831 131.638 139.59 127.382 125.257 123.925 128.56 138.078 114.887 114.887 161.365 110.172 110.607 110.043 109.002 108.559 107.105 108.558 128.547
threshold=1.0000000180025095e-35 2.4364736016299333 1.6076923012733462 59.500000000000007 0.95789474144866926 1.3234953284263613 8.5000000000000018 2.3183087110519414 1.0000000180025095e-35 2.0120778083801274 0.58520833333333344 2.4226190476190479 80.500000000000014 0.99519228370661883 0.54130952380952391 4.741666666666668 59.916666666666679 1.5000000000000002 1.7150247912388075 0.80000001708666468 0.55538194444444455 1.8314593434333803 2.2633970975875859 0.97849458703444692 75.500000000000014 10.583333333333334 190.45000000000002 1.7750000000000001 11.775236851133053 1.279220759868622
decision_type=8 8 10 8 8 10 10 10 2 8 8 8 2 10 8 8 10 2 10 10 8 10 10 10 8 8 2 10 8 10
left_child=-1 2 3 19 10 -5 16 12 -6 11 26 -10 13 25 -9 -13 -4 -18 24 -2 -8 -22 23 -23 -19 -7 -3 28 -26 -30
right_child=1 4 6 5 8 7 20 14 9 -11 -12 15 -14 -15 -16 -17 17 18 -20 -21 21 22 -24 -25 27 -27 -28 -29 29 -31
leaf_value=-0.15335956502468026 -0.047612120184450123 0.069330782063305382 -0.010201109317998922 -0.033042396427987175 0.024223072273083603 0.021379184105566568 -0.039654455507174134 -0.03041409748295943 -0.026740574031894983 0.026994402634686436 -0.0076462516613425673 0.046639633752638472 0.040645444601081139 0.012138569364134147 0.024148022713286154 0.0026155914513388396 -0.034055294998209265 -0.014694765963467764 0.022998228804992256 -0.020813867169311672 -0.051299575993791223 0.050888439069191611 -0.013006083877913863 0.0015096139111395539 -0.0071137356707605265 -0.025733447314101682 0.0027237032810036015 -0.019656382627785206 0.082849423289299007 0.019609861775404878
leaf_weight=47 276 40 263 244 1040 49 110 45 129 261 677 64 43 147 267 638 51 203 695 301 60 63 214 116 59 451 49 60 45 81
leaf_count=47 276 40 263 244 1040 49 110 45 129 261 677 64 43 147 267 638 51 203 695 301 60 63 214 116 59 451 49 60 45 81
internal_value=7.18512e-07 0.00106999 -0.00623448 -0.0161357 0.0107563 -0.00803334 0.00270117 -0.00194331 0.0156856 0.00755466 -0.00296321 0.00144904 -0.0101827 -0.0135608 0.0162785 0.00662918 0.00844101 0.0125473 0.0146267 -0.0336324 -0.0121531 -0.00547503 0.00152108 0.0188888 0.00163949 -0.0211164 0.0326595 0.0151736 0.0264698 0.0421954
internal_weight=6788 6741 3843 1823 2898 1246 2020 1002 2132 1092 766 831 690 647 312 702 1457 1194 1143 577 563 453 393 179 448 500 89 245 185 126
internal_count=6788 6741 3843 1823 2898 1246 2020 1002 2132 1092 766 831 690 647 312 702 1457 1194 1143 577 563 453 393 179 448 500 89 245 185 126
is_linear=0
shrinkage=0.03


Tree=4
num_leaves=31
num_cat=0
split_feature=24 64 20 74 40 21 75 33 59 81 71 67 5 19 31 40 65 64 70 37 61 19 13 9 25 25 13 15 27 9
split_gain=1163.7 498.624 355.458 270.183 204.89 198.623 180.054 174.513 155.577 171.497 137.349 127.449 125.247 122.869 117.766 138.166 127.319 124.387 117.028 157.381 136.514 159.836 157.889 164.948 116.882 135.129 110.805 119.618 113.457 108.959
threshold=1.0000000180025095e-35 2.4364736016299333 1.6076923012733462 59.500000000000007 0.95789474144866926 1.3538899421691897 8.5000000000000018 2.3183087110519414 0.90000000000000013 1.0000000180025095e-35 0.09622256346515505 0.54130952380952391 80.500000000000014 2.0120778083801274 3.0030995607376103 0.96428576231535135 2.5916666666666672 3.1970232473958085 64.250000000000014 0.90571774966143559 1.9687500000000002 2.7088611125946049 2.7473840713500981 16.500000000000004 2.8933112621307377 2.753691673278809 1.5319217443466189 1.8050364255905154 2.1179633140563969 37.500000000000007
decision_type=8 8 10 8 8 10 10 10 8 2 8 8 2 8 10 10 8 10 10 10 10 10 10 2 10 10 10 10 10 2
left_child=-1 2 3 -2 10 -5 18 12 -6 -10 -3 -9 29 14 15 -11 -17 -16 19 26 -20 22 23 -22 25 -18 -4 -28 -29 -7
right_child=1 4 6 5 8 7 -8 11 9 13 -12 -13 -14 -15 17 16 24 -19 20 -21 21 -23 -24 -25 -26 -27 27 28 -30 -31
leaf_value=-0.14875878158401937 -0.03262346796923845 0.021559128555143536 0.043945871792560397 -0.031061171406997771 -0.027824429793104732 0.0097813673848484422 -0.011788479721274552 -0.029501675008175271 0.025642112586256507 0.041888091286023457 -0.0094790464272694799 0.02514971711537765 0.039426084687543474 0.026184570890391012 0.046706079518379164 -0.036707175898385777 -0.0069101037865593315 0.0052957466547119665 -0.027314962585353188 0.044407871080481484 -0.029731898123727125 -0.021171078539707445 0.065467504982858193 0.027996622614816506 -0.035088598883863703 0.046900965429487684 0.024215490034638115 -0.028783644005222226 -0.0016657126290907322 -0.020118279237156877
leaf_weight=47 577 163 43 261 73 141 563 45 1001 45 603 262 43 261 86 139 126 271 54 69 51 66 86 352 67 63 104 206 426 494
leaf_count=47 577 163 43 261 73 141 563 45 1001 45 603 262 43 261 86 139 126 271 54 69 51 66 86 352 67 63 104 206 426 494
internal_value=6.96834e-07 0.00103789 -0.00604744 -0.0156517 0.0104336 -0.00779234 0.00262014 -0.00162669 0.015215 0.016741 -0.00287432 0.0171389 -0.0101238 0.00831934 0.00246887 -0.00791859 -0.0135928 0.0152713 0.00818778 0.00098255 0.0182207 0.0226512 0.0285658 0.020691 -0.00104238 0.0110269 -0.00286385 -0.00559866 -0.0105048 -0.0134791
internal_weight=6788 6741 3843 1823 2898 1246 2020 985 2132 2059 766 307 678 1058 797 440 395 357 1457 848 609 555 489 403 256 189 779 736 632 635
internal_count=6788 6741 3843 1823 2898 1246 2020 985 2132 2059 766 307 678 1058 797 440 395 357 1457 848 609 555 489 403 256 189 779 736 632 635
is_linear=0
shrinkage=0.03


Tree=5
num_leaves=31
num_cat=1
split_feature=24 65 20 74 13 9 75 38 18 27 70 31 51 49 31 27 53 41 87 60 15 82 18 45 40 37 38 82 21 44
split_gain=1094.93 470.063 389.56 315.305 231.794 197.321 161.616 144.301 140.239 138.749 134.578 143.053 159.39 132.834 139.322 131.452 131.311 123.541 128.408 184.021 180.329 143.846 120.809 117.938 114.486 110.903 172.876 120.965 106.903 103.153
threshold=1.0000000180025095e-35 2.5916666666666672 1.781746029853821 59.500000000000007 1.3336176276206972 142.50000000000003 7.5000000000000009 0.74999997578561406 2.6333333253860478 2.0283701419830327 58.750000000000007 3.6098687648773198 2.5509595959595965 10.63068181818182 1.7083210349082949 1.5577777624130251 1.6692353942353944 10.16666666666667 0 2.3637750271737663 1.9591000676155093 469.20000000000005 2.7083333730697636 0.69246031746031744 0.97499996770173392 0.77639319788781747 0.90909089923890207 606.20000000000016 2.0030303001403813 1.8521386021386022
decision_type=8 10 8 8 8 2 10 8 8 10 10 10 10 10 10 10 8 8 9 8 10 2 10 10 10 8 10 2 10 8
left_child=-1 2 3 15 7 6 9 -3 10 25 -6 -12 -13 28 -15 -2 -11 -5 20 -20 21 24 29 -7 -19 -4 -27 -28 -8 -18
right_child=1 4 5 17 8 23 13 -9 -10 16 11 12 -14 14 -16 -17 22 18 19 -21 -22 -23 -24 -25 -26 26 27 -29 -30 -31
leaf_value=-0.14429601592586394 -0.080201280840805605 -0.047703191045139516 0.041509852889925244 0.028798688430912218 -0.0169747022932226 -0.038465789705514904 -0.0046655884409673026 -0.00015172308139881351 0.059061560040230256 -0.017432437372927583 0.013753546814857022 0.053372912238641025 -0.0052157567414370448 -0.0037533594137627861 -0.077297420460857788 -0.025678848866787424 -0.0036782816739922217 -0.060991686040126697 -0.00074269150713333833 0.066204727113246917 0.0058529341682185265 -0.0083516336427930434 -0.014355389442203974 0.017174753826732437 -0.022994254457271275 -0.031849110291414656 -0.006692801134687074 0.05853807640448213 0.034833914816379548 0.027242664558597016
leaf_weight=47 42 70 40 91 110 144 518 320 68 89 1423 174 55 49 44 759 110 123 485 40 258 262 82 45 170 161 71 40 70 828
leaf_count=47 42 70 40 91 110 144 518 320 68 89 1423 174 55 49 44 759 110 123 485 40 258 262 82 45 170 161 71 40 70 828
internal_value=6.75816e-07 0.00100675 -0.00454457 -0.0134705 0.0123119 0.00414365 0.00678369 -0.0086866 0.016787 0.0125424 0.0151556 0.017295 0.0393014 -0.0052326 -0.0385484 -0.0285377 0.0175146 -0.00502478 -0.00732518 0.00427661 -0.014689 -0.0245029 0.0205639 -0.025218 -0.0389454 -0.00513134 -0.0119903 0.0168138 3.67334e-05 0.0236165
internal_weight=6788 6741 4521 2230 2220 2291 2102 390 1830 1421 1762 1652 229 681 93 801 1109 1429 1338 525 813 555 1020 189 293 312 272 111 588 938
internal_count=6788 6741 4521 2230 2220 2291 2102 390 1830 1421 1762 1652 229 681 93 801 1109 1429 1338 525 813 555 1020 189 293 312 272 111 588 938
cat_boundaries=0 1
cat_threshold=22
is_linear=0
shrinkage=0.03


Tree=6
num_leaves=31
num_cat=1
split_feature=24 64 20 74 0 21 59 75 70 33 14 33 87 9 13 31 75 82 13 32 70 5 60 65 19 69 5 81 40 9
split_gain=1030.22 447.898 320.357 241.242 189.469 182.959 174.759 162.523 148.836 147.19 147.085 145.745 124.848 118.643 117.63 127.354 120.076 115.433 114.003 111.732 111.412 121.582 129.075 146.232 146.891 127.092 117.082 112.573 120.716 108.531
threshold=1.0000000180025095e-35 2.4364736016299333 1.6076923012733462 59.500000000000007 1.0000000180025095e-35 1.3234953284263613 0.90000000000000013 8.5000000000000018 59.083333333333343 3.2006493806838994 2.8397434949874882 2.3183087110519414 0 33.500000000000007 1.2156190276145937 3.6406506299972539 7.5000000000000009 1313.7000000000003 1.6519195437431338 2.8619047403335576 59.916666666666679 1.5000000000000002 3.1424063198301098 1.8619047619047622 2.5859454870224003 0.49908234126984136 6.5000000000000009 1509.4000000000003 0.94375003149965886 15.500000000000002
decision_type=8 8 10 8 2 10 8 10 8 10 10 10 9 2 8 8 10 2 10 10 10 2 10 10 10 10 2 2 10 2
left_child=-1 2 3 -2 8 -5 -6 20 18 10 -8 12 -7 29 16 -16 19 -13 -3 -10 -4 -22 23 27 25 26 -25 28 -23 -14
right_child=1 4 7 5 6 11 9 -9 14 -11 -12 17 13 -15 15 -17 -18 -19 -20 -21 21 22 -24 24 -26 -27 -28 -29 -30 -31
leaf_value=-0.13996713127544586 -0.030893485597296468 0.0032665186959963577 -0.0098964606162458089 -0.030725747941703092 -0.032299031246453523 0.016281250521857686 0.013806550896740672 -0.011199426900836942 0.029221941888332367 0.04857940029070295 0.056412034854292865 0.0081602091428469789 -0.019320512244907707 -0.022613143425057321 0.0055564177124199044 0.037373050969886024 -0.050885077386854154 0.062171816171669371 -0.050074017649447473 -0.0299752418900078 -0.033647393068189126 -0.032965732983806555 -0.024079063588655306 0.054366416592022467 0.08088034824601241 0.051188029264861885 0.0083648375722325669 0.040884830103214108 0.0068581191329127201 0.04036630722854672
leaf_weight=47 577 65 263 244 60 131 1121 563 60 145 78 271 52 449 1044 127 62 41 81 55 51 85 76 58 42 110 352 67 353 58
leaf_count=47 577 65 263 244 60 131 1121 563 60 145 78 271 52 449 1044 127 62 41 81 55 51 85 76 58 42 110 352 67 353 58
internal_value=6.55853e-07 0.000976548 -0.00573871 -0.0148564 0.00988156 -0.00742993 0.0177944 0.00248979 0.00244539 0.0200307 0.0165782 -0.00175709 -0.00945082 -0.0154951 0.00556163 0.00900707 -0.0172327 0.0152579 -0.0263265 0.000910245 0.00777944 0.0116729 0.013695 0.0163856 0.0269134 0.0225545 0.0148724 0.00466953 -0.000870254 0.0121507
internal_weight=6788 6741 3843 1823 2898 1246 1404 2020 1494 1344 1199 1002 690 559 1348 1171 177 312 146 115 1457 1194 1143 1067 562 520 410 505 438 110
internal_count=6788 6741 3843 1823 2898 1246 1404 2020 1494 1344 1199 1002 690 559 1348 1171 177 312 146 115 1457 1194 1143 1067 562 520 410 505 438 110
cat_boundaries=0 1
cat_threshold=8
is_linear=0
shrinkage=0.03


Tree=7
num_leaves=31
num_cat=0
split_feature=24 65 20 74 13 9 75 38 18 27 49 31 27 70 31 51 53 41 15 64 26 65 18 82 40 37 74 25 27 31
split_gain=969.342 423.169 350.638 284.486 209.356 185.738 145.977 135.338 130.09 127.609 124.316 131.177 122.281 121.056 128.424 149.228 120.959 115.719 116.986 138.741 133.259 148.198 113.507 112.797 138.764 124.583 123.718 137.019 117.278 117.222
threshold=1.0000000180025095e-35 2.5916666666666672 1.781746029853821 59.500000000000007 1.3336176276206972 142.50000000000003 7.5000000000000009 0.74999997578561406 2.6333333253860478 2.0283701419830327 10.63068181818182 1.7083210349082949 1.5577777624130251 58.750000000000007 3.6098687648773198 2.5509595959595965 1.6692353942353944 10.16666666666667 2.0304186344146733 2.4070630734036396 2.5166666507720952 2.4641025641025647 2.7083333730697636 170.30000000000004 0.960000006494522 0.87191867947717627 64.500000000000014 1.5040349960327151 2.460121870040894 1.8732721209526064
decision_type=8 10 8 8 8 2 10 8 8 10 10 10 10 10 10 10 8 8 10 10 10 10 10 2 10 8 10 10 10 10
left_child=-1 2 3 12 7 6 9 -3 13 -4 -8 -12 -2 -6 -15 -16 -11 -5 20 -20 21 23 -18 24 -19 26 27 -26 29 -25
right_child=1 4 5 17 8 -7 10 -9 -10 16 11 -13 -14 14 15 -17 22 18 19 -21 -22 -23 -24 28 25 -27 -28 -29 -30 -31
leaf_value=-0.13576812188913848 -0.076928286637578683 -0.046067339845533885 -0.0049913963372819128 0.027970109620326002 -0.016117285066707565 -0.024563238935929439 0.00016243365352999476 -1.6345600713975728e-05 0.05664353913682349 -0.016814815386125212 -0.0034023713888077789 -0.074764378981834106 -0.024342029506415164 0.013029713128709436 0.050851620746583774 -0.0058386059565977613 0.022611991593848538 -0.044422893169936695 -0.0010096153132308015 0.049079101922079212 -0.055157983312150466 0.03113375251916678 -0.014194467515661949 -0.024019092455264932 0.035633437337682525 0.028231546131893992 -0.050848950046480081 -0.023856451924551617 0.028202966288911138 0.012017425224288471
leaf_weight=47 42 70 312 91 110 189 588 320 68 89 49 44 759 1423 174 55 938 169 237 63 60 76 82 204 51 60 79 110 94 135
leaf_count=47 42 70 312 91 110 189 588 320 68 89 49 44 759 1423 174 55 938 169 237 63 60 76 82 204 51 60 79 110 94 135
internal_value=1.35566e-06 0.000947976 -0.00431917 -0.0127874 0.0116744 0.0039236 0.00648498 -0.00828191 0.0159274 0.011958 -0.00493515 -0.037165 -0.0270994 0.0143561 0.0163852 0.0372361 0.0167264 -0.00476511 -0.0069915 0.00950902 -0.0117604 -0.009098 0.019653 -0.0124878 -0.0226813 -0.0104336 -0.0200999 -0.00501183 -0.0014468 -0.00966827
internal_weight=6788 6741 4521 2230 2220 2291 2102 390 1830 1421 681 93 801 1762 1652 229 1109 1429 1338 300 1038 978 1020 902 469 300 240 161 433 339
internal_count=6788 6741 4521 2230 2220 2291 2102 390 1830 1421 681 93 801 1762 1652 229 1109 1429 1338 300 1038 978 1020 902 469 300 240 161 433 339
is_linear=0
shrinkage=0.03


Tree=8
num_leaves=31
num_cat=0
split_feature=24 64 20 74 40 21 33 75 82 5 69 65 15 38 38 31 26 40 61 67 19 70 57 52 31 5 40 27 38 69
split_gain=912.054 398.867 289.416 215.653 182.488 170.058 148.905 146.648 145.813 132.232 131.571 127.574 186.677 149.698 167.516 142.208 137.166 160.758 137.148 120.869 117.454 129.351 115.186 121.543 189.204 114.938 114.041 108.936 107.93 105.242
threshold=1.0000000180025095e-35 2.4364736016299333 1.6076923012733462 59.500000000000007 0.95789474144866926 1.3538899421691897 2.3183087110519414 8.5000000000000018 1152.5000000000002 15.500000000000002 0.58520833333333344 2.6076923076923082 2.0281031131744389 0.81530216040513526 0.88888888545487654 3.0342957973480229 2.6770833730697636 0.98550726207608152 2.5419580419580421 0.54130952380952391 1.0090160369873049 58.750000000000007 4.7596153846153859 2.4025373613640242 3.6406506299972539 80.500000000000014 0.97029704008952233 3.2848324775695805 0.80000001708666468 0.47886904761904769
decision_type=8 8 10 8 8 10 10 10 2 2 8 8 10 10 10 10 10 10 8 8 10 10 8 10 10 2 10 10 10 8
left_child=-1 2 3 28 10 -5 25 -4 11 -10 -3 12 15 -14 -15 26 17 18 -13 -8 -18 -22 -23 24 27 -7 -6 -24 -2 -9
right_child=1 4 7 5 8 6 19 29 9 -11 -12 16 13 14 -16 -17 20 -19 -20 -21 21 22 23 -25 -26 -27 -28 -29 -30 -31
leaf_value=-0.1316950709214236 -0.042796247224930833 0.031055149592124343 0.0074282192187161639 -0.028592863347938004 0.020965525321662425 -0.012420331068769625 -0.029443675799916188 -0.055147006723352453 0.0068138823664706683 0.047041207677958642 -0.0077444141981174042 0.047144916902888905 -0.014592549734390699 0.088427269319919025 0.014321155984924262 0.032020653608314534 -0.013911469165679542 0.060102368350156019 -0.016160484961100986 0.023778361282844579 -0.026673426393951687 0.056256864969546981 0.0067166411490520326 -0.016556925185176791 0.053384667020291085 0.038260924680981523 -0.032792939374247709 0.044877170169582731 -0.016822021737960834 -0.0068232940837897015
leaf_weight=47 276 89 1457 261 42 635 45 44 115 204 677 55 65 44 73 47 149 122 70 262 63 65 492 98 120 43 230 78 301 519
leaf_count=47 276 89 1457 261 42 635 45 44 115 204 677 55 65 44 73 47 149 122 70 262 63 65 492 98 120 43 230 78 301 519
internal_value=1.31508e-06 0.000919536 -0.00541751 -0.0140837 0.00932301 -0.00706217 -0.00135708 0.00240354 0.0138354 0.0325392 -0.00323637 0.0105445 -0.00233358 0.0219106 0.0421901 -0.0161657 0.0154621 0.0356042 0.0116939 0.0159771 0.0107907 0.0148088 0.0178725 0.0147063 0.0191466 -0.00920603 -0.024492 0.0119386 -0.0292464 -0.0105999
internal_weight=6788 6741 3843 1823 2898 1246 985 2020 2132 319 766 1813 501 182 117 319 1312 247 125 307 1065 916 853 788 690 678 272 570 577 563
internal_count=6788 6741 3843 1823 2898 1246 985 2020 2132 319 766 1813 501 182 117 319 1312 247 125 307 1065 916 853 788 690 678 272 570 577 563
is_linear=0
shrinkage=0.03


Tree=9
num_leaves=31
num_cat=0
split_feature=24 65 20 74 13 9 75 38 18 27 49 31 4 31 27 45 14 40 33 68 68 33 26 40 15 31 63 82 22 37
split_gain=858.152 378.68 313.461 257.391 190.459 173.031 133.037 126.063 120.962 118.691 115.236 124.337 114.047 125.695 113.806 111.965 111.379 160.794 125.521 111.227 125.155 113.32 133.539 116.51 114.818 108.808 104.598 120.719 142.707 104.336
threshold=1.0000000180025095e-35 2.5916666666666672 1.781746029853821 59.500000000000007 1.3336176276206972 142.50000000000003 7.5000000000000009 0.74999997578561406 2.6333333253860478 2.0283701419830327 10.63068181818182 1.7083210349082949 1.0000000180025095e-35 3.0826959609985356 1.5577777624130251 0.69246031746031744 1.6547619104385378 0.98241748640650772 3.2444902658462529 0.6888625309824582 0.74814870959076429 1.8314593434333803 2.5166666507720952 0.98837207426181573 1.4472222328186037 1.4555190801620486 1.1000000000000003 1479.45 1.5568904876708987 0.77639319788781747
decision_type=8 10 8 8 8 2 10 8 8 10 10 10 2 10 10 10 8 10 10 10 10 10 10 10 10 10 10 2 10 8
left_child=-1 2 3 14 7 6 9 -3 16 29 -8 -12 13 -11 -2 -7 17 -6 -18 21 -21 23 24 25 -23 -5 -26 -28 -29 -4
right_child=1 4 5 19 8 15 10 -9 -10 12 11 -13 -14 -15 -16 -17 18 -19 -20 20 -22 22 -24 -25 26 -27 27 28 -30 -31
leaf_value=-0.12774422564088028 -0.073781728701932087 -0.044463229416171084 0.040292835764586921 -0.020468667956007706 0.011727362916192268 -0.036700167756062003 0.0001808010366251122 -1.8147999420762062e-05 0.054357150096227137 0.015728478568110046 -0.0028869505500306886 -0.0723635496690192 -0.029732340170030899 0.064455284373555327 -0.02305068677865528 0.017513118866831063 0.0068329054428422145 0.054973209358074447 0.034491439105686306 0.055248761349602743 -0.011678255955378214 -0.038991033190950042 -0.045154491363303552 -0.00087125405093485661 0.046465372023905847 -0.07200109874574287 -0.0035488916056382715 -0.0048471828929658204 0.064135028079236767 -0.011599286570871139
leaf_weight=47 42 70 40 91 187 144 588 320 68 1012 49 44 47 50 759 45 1276 132 167 57 45 63 62 110 47 62 784 53 55 272
leaf_count=47 42 70 40 91 187 144 588 320 68 1012 49 44 47 50 759 45 1276 132 167 57 45 63 62 110 47 62 784 53 55 272
internal_value=1.27545e-06 0.00089195 -0.00409063 -0.0120974 0.0110389 0.00370292 0.00617513 -0.00799547 0.0150954 0.0113999 -0.00472709 -0.0357576 0.0159987 0.0180226 -0.0257107 -0.0237922 0.0135802 0.0296222 0.0100339 -0.00446665 0.0257221 -0.00678711 -0.00242852 -0.0244204 0.000215202 -0.0413511 0.00284565 0.000547304 0.0302826 -0.00494645
internal_weight=6788 6741 4521 2230 2220 2291 2102 390 1830 1421 681 93 1109 1062 801 189 1762 319 1443 1429 102 1327 1064 263 1002 153 939 892 108 312
internal_count=6788 6741 4521 2230 2220 2291 2102 390 1830 1421 681 93 1109 1062 801 189 1762 319 1443 1429 102 1327 1064 263 1002 153 939 892 108 312
is_linear=0
shrinkage=0.03


Tree=10
num_leaves=31
num_cat=0
split_feature=24 64 20 74 0 21 59 75 70 33 14 33 41 5 40 82 13 20 28 41 27 51 24 74 14 26 5 44 70 37
split_gain=807.435 358.424 261.785 192.071 171.211 156.116 154.68 132.316 130.362 126.96 125.654 121.692 110.294 139.078 139.949 108.303 106.739 105.834 173.037 132.177 114.441 120.109 104.093 109.725 118.18 124.103 117.064 104.813 103.776 144.774
threshold=1.0000000180025095e-35 2.4364736016299333 1.6076923012733462 59.500000000000007 1.0000000180025095e-35 1.2535714507102969 0.90000000000000013 8.5000000000000018 59.083333333333343 3.22756040096283 2.8397434949874882 2.3183087110519414 10.16666666666667 77.500000000000014 0.99519228370661883 1369.7000000000003 1.6519195437431338 1.9045454263687136 4.5000000000000009 11.583333333333334 2.0752358436584477 2.3602009102009105 3.7749999761581425 42.500000000000007 2.4641026258468632 2.0801281929016118 59.500000000000007 1.6669256669256673 64.250000000000014 0.90571774966143559
decision_type=8 8 10 8 2 10 8 10 8 10 10 10 8 2 10 2 10 8 8 10 10 10 10 8 10 8 2 8 10 10
left_child=-1 2 3 -2 8 -5 -6 28 16 10 22 12 -7 14 -14 -13 -3 19 20 -10 -19 -22 23 -8 25 -25 27 -27 29 -4
right_child=1 4 7 5 6 11 9 -9 17 -11 -12 15 13 -15 -16 -17 -18 18 -20 -21 21 -23 -24 24 -26 26 -28 -29 -30 -31
leaf_value=-0.12391189954382306 -0.027693832347644054 0.0034700124152004718 -0.0034049849534725268 -0.030276364201538581 -0.03077476510219276 0.034701135730256842 -0.01704096187185496 -0.01005538451596168 -0.0056293177955937896 0.046514674303413342 0.052009392180774779 0.0068930498359174247 -0.023164329536167191 0.040278336131988571 0.010599060246160813 0.059737703561782832 -0.04814304175614207 -0.034082775641890134 0.057202691108380492 0.036110737812332809 0.019548700690790795 -0.034780738797129652 0.040750829830013831 0.056995518193795128 -0.017800080390627852 -0.038455742881065465 0.037643590287708147 0.011253792794542352 0.016516956314719809 0.041933960882217992
leaf_weight=47 577 65 779 211 60 49 120 563 762 131 79 274 486 43 143 40 81 51 76 75 343 41 109 65 97 41 148 554 609 69
leaf_count=47 577 65 779 211 60 49 120 563 762 131 79 274 486 43 143 40 81 51 76 75 343 41 109 65 97 41 148 554 609 69
internal_value=1.23732e-06 0.000865192 -0.005142 -0.0133842 0.00883126 -0.00675761 0.0163532 0.00229634 0.00176245 0.0184571 0.015427 -0.00196297 -0.00875156 -0.01192 -0.0154884 0.0136249 -0.0251646 0.00467889 0.0154371 -0.00188917 0.00814017 0.0137479 0.0128785 0.00991449 0.0134887 0.0172449 0.0137674 0.00782843 0.00706917 0.000284151
internal_weight=6788 6741 3843 1823 2898 1246 1404 2020 1494 1344 1213 1035 721 672 629 314 146 1348 511 837 435 384 1134 1025 905 808 743 595 1457 848
internal_count=6788 6741 3843 1823 2898 1246 1404 2020 1494 1344 1213 1035 721 672 629 314 146 1348 511 837 435 384 1134 1025 905 808 743 595 1457 848
is_linear=0
shrinkage=0.03


Tree=11
num_leaves=31
num_cat=1
split_feature=24 65 61 6 86 9 13 15 70 69 20 38 27 25 84 27 49 13 27 43 69 18 61 38 18 70 74 33 37 18
split_gain=759.716 342.365 282.934 252.168 188.458 190.859 175.25 168.115 156.871 141.787 193.732 138.587 155.92 169.02 146.308 138.418 132.764 127.079 115.064 114.481 112.066 118.191 127.193 111.877 101.641 175.947 117.92 123.191 111.159 104.581
threshold=1.0000000180025095e-35 2.5916666666666672 1.7416666666666669 1.0000000180025095e-35 0 155.50000000000003 1.2788205146789553 1.9278194308280947 64.416666666666686 0.62037863756613765 0.80909091234207164 0.81249994970858275 2.0627460479736333 1.5647550821304324 1.5000000000000002 3.2418748140335087 10.894444444444447 1.6582603454589846 2.4364917278289799 0.80357142857142871 0.57532051282051289 2.7083333730697636 1.2928571428571431 0.87499999565382813 2.2250000238418584 63.416666666666679 41.500000000000007 1.9169799089431765 0.81521742162426747 2.6333333253860478
decision_type=8 10 8 2 1 2 8 10 10 10 8 8 10 8 2 10 8 10 10 10 8 8 10 10 10 8 10 10 10 10
left_child=-1 2 7 -4 5 15 -3 16 -7 10 -9 -6 13 -13 17 24 -2 -14 -19 20 -8 22 -22 -20 26 -26 -5 -28 -29 -27
right_child=1 6 3 4 11 8 19 9 -10 -11 -12 12 14 -15 -16 -17 -18 18 23 -21 21 -23 -24 -25 25 29 27 28 -30 -31
leaf_value=-0.12019454370153711 0.0051095103277046172 -0.0093675210617439643 -0.057744620657884153 -0.020784145154818696 -0.0071313017248018189 -0.015770764666939937 0.051718016244387301 0.052116124026130799 -0.085625103829162455 0.042153653254732484 -0.015730380015777212 0.032182278043904958 0.07088923342606944 -0.023985094340561435 -0.016110845188625524 0.051950527228076346 -0.028761182350482372 0.040217391485425309 0.030031089695130891 -0.022507025475638945 0.043924149844214451 0.056892900874039955 0.010409597920797936 -0.018742106935227071 -0.01353650010306163 0.041203710788691582 -0.018863660700850351 -0.014447598444885482 0.009115250117303627 -0.0011379827955713519
leaf_weight=47 122 339 65 342 236 93 74 43 42 60 318 77 69 129 61 44 712 242 94 74 109 56 1568 77 151 165 274 233 795 77
leaf_count=47 122 339 65 342 236 93 74 43 42 60 318 77 69 129 61 44 712 242 94 74 109 56 1568 77 151 165 274 233 795 77
internal_value=1.2001e-06 0.000839236 -0.00389841 0.000753806 0.00194168 -0.00292301 0.0104874 -0.0160053 -0.0375032 -0.000551184 -0.00764894 0.0127859 0.0192322 -0.00299049 0.027663 -0.000693747 -0.0238065 0.0332028 0.0269065 0.0140657 0.0155634 0.0140196 0.0125879 0.00806889 -0.00183088 0.0118753 -0.00510735 -0.000989485 0.00377464 0.0277314
internal_weight=6788 6741 4521 3266 3201 2216 2220 1255 135 421 361 985 749 206 543 2081 834 482 413 1881 1807 1733 1677 171 2037 393 1644 1302 1028 242
internal_count=6788 6741 4521 3266 3201 2216 2220 1255 135 421 361 985 749 206 543 2081 834 482 413 1881 1807 1733 1677 171 2037 393 1644 1302 1028 242
cat_boundaries=0 1
cat_threshold=8
is_linear=0
shrinkage=0.03


end of trees

feature_importances:
player_kicking_pat_make_pct_career_prior=20
player_extra_point_attempts_career_prior=17
player_extra_points_made_career_prior=17
environment_temperature=16
role_games_with_current_team_before_game=14
matchup_expected_team_plays=14
player_field_goals_made_season_to_date=13
player_extra_point_attempts_roll5_mean=13
team_extra_point_attempts_season_to_date=13
team_red_zone_td_rate_season_to_date=13
player_extra_points_made_ewm5=12
player_kicking_fg_make_pct_season_prior=12
team_extra_point_attempts_ewm5=12
environment_wind=12
history_history_games=10
player_field_goal_attempts_ewm5=10
player_field_goals_made_career_prior=10
player_field_goals_made_roll5_mean=9
player_field_goals_made_ewm5=8
team_field_goal_attempts_season_to_date=8
environment_team_miles_traveled=8
environment_opponent_miles_traveled=8
player_kicking_fg_make_pct_career_prior=7
player_field_goal_attempts_career_prior=6
team_red_zone_td_rate_roll5_mean=6
player_field_goal_attempts_season_to_date=5
player_kicking_team_drives_roll3=5
player_kicking_opponent_red_zone_td_rate_allowed_roll3=5
team_field_goal_attempts_ewm5=5
player_extra_point_attempts_ewm5=4
player_extra_point_attempts_season_to_date=4
team_drives_season_to_date=4
team_extra_point_attempts_roll5_mean=4
player_extra_points_made_season_to_date=3
team_points_per_drive_roll5_mean=3
team_red_zone_drives_season_to_date=3
team_field_goal_attempts_roll5_mean=3
environment_surface=3
home_flag=2
player_extra_points_made_lag1=2
player_kicking_opponent_points_per_drive_allowed_roll3=2
team_points_per_drive_season_to_date=2
team_red_zone_td_rate_ewm5=2
role_team_change_flag=1
role_primary_kicker_flag=1
player_field_goals_made_roll3_mean=1
player_extra_point_attempts_lag1=1
player_extra_points_made_roll5_mean=1
player_kicking_team_red_zone_td_rate_roll3=1
team_drives_ewm5=1
team_points_per_drive_ewm5=1
matchup_off_epa_vs_def_epa=1
environment_opponent_time_zones_crossed=1
environment_roof=1

parameters:
[boosting: gbdt]
[objective: regression]
[metric: rmse]
[tree_learner: serial]
[device_type: cpu]
[data_sample_strategy: bagging]
[data: ]
[valid: ]
[num_iterations: 12]
[learning_rate: 0.03]
[num_leaves: 31]
[num_threads: 1]
[seed: 24024]
[deterministic: 1]
[force_col_wise: 1]
[force_row_wise: 0]
[histogram_pool_size: -1]
[max_depth: -1]
[min_data_in_leaf: 40]
[min_sum_hessian_in_leaf: 0.001]
[bagging_fraction: 1]
[pos_bagging_fraction: 1]
[neg_bagging_fraction: 1]
[bagging_freq: 0]
[bagging_seed: 24024]
[bagging_by_query: 0]
[feature_fraction: 1]
[feature_fraction_bynode: 1]
[feature_fraction_seed: 24024]
[extra_trees: 0]
[extra_seed: 8483]
[early_stopping_round: 0]
[early_stopping_min_delta: 0]
[first_metric_only: 0]
[max_delta_step: 0]
[lambda_l1: 0]
[lambda_l2: 0]
[linear_lambda: 0]
[min_gain_to_split: 0]
[drop_rate: 0.1]
[max_drop: 50]
[skip_drop: 0.5]
[xgboost_dart_mode: 0]
[uniform_drop: 0]
[drop_seed: 27597]
[top_rate: 0.2]
[other_rate: 0.1]
[min_data_per_group: 100]
[max_cat_threshold: 32]
[cat_l2: 10]
[cat_smooth: 10]
[max_cat_to_onehot: 4]
[top_k: 20]
[monotone_constraints: ]
[monotone_constraints_method: basic]
[monotone_penalty: 0]
[feature_contri: ]
[forcedsplits_filename: ]
[refit_decay_rate: 0.9]
[cegb_tradeoff: 1]
[cegb_penalty_split: 0]
[cegb_penalty_feature_lazy: ]
[cegb_penalty_feature_coupled: ]
[path_smooth: 0]
[interaction_constraints: ]
[verbosity: -1]
[saved_feature_importance_type: 0]
[use_quantized_grad: 0]
[num_grad_quant_bins: 4]
[quant_train_renew_leaf: 0]
[stochastic_rounding: 1]
[linear_tree: 0]
[max_bin: 255]
[max_bin_by_feature: ]
[min_data_in_bin: 3]
[bin_construct_sample_cnt: 200000]
[data_random_seed: 24024]
[is_enable_sparse: 1]
[enable_bundle: 1]
[use_missing: 1]
[zero_as_missing: 0]
[feature_pre_filter: 1]
[pre_partition: 0]
[two_round: 0]
[header: 0]
[label_column: ]
[weight_column: ]
[group_column: ]
[ignore_column: ]
[categorical_feature: 85,86,87]
[forcedbins_filename: ]
[precise_float_parser: 0]
[parser_config_file: ]
[objective_seed: 14575]
[num_class: 1]
[is_unbalance: 0]
[scale_pos_weight: 1]
[sigmoid: 1]
[boost_from_average: 1]
[reg_sqrt: 0]
[alpha: 0.9]
[fair_c: 1]
[poisson_max_delta_step: 0.7]
[tweedie_variance_power: 1.5]
[lambdarank_truncation_level: 30]
[lambdarank_norm: 1]
[label_gain: ]
[lambdarank_position_bias_regularization: 0]
[eval_at: ]
[multi_error_top_k: 1]
[auc_mu_weights: ]
[num_machines: 1]
[local_listen_port: 12400]
[time_out: 120]
[machine_list_filename: ]
[machines: ]
[gpu_platform_id: -1]
[gpu_device_id: -1]
[gpu_use_dp: 0]
[num_gpu: 1]

end of parameters

pandas_categorical:[]
