tree
version=v4
num_class=1
num_tree_per_iteration=1
label_index=0
max_feature_idx=14
objective=regression
feature_names=player_goal_line_carries_lag1 player_goal_line_carries_roll3_mean player_goal_line_carries_roll5_mean player_goal_line_carries_ewm5 player_goal_line_carries_season_to_date player_goal_line_carries_career_prior history_no_nfl_history_flag history_history_games eff_player_prior_rate eff_position_prior_rate eff_league_prior_rate eff_shrunk_rate eff_player_prior_exposure eff_prior_weight eff_rookie_position_prior_flag
feature_infos=[0:5] [0:3.6666667461395264] [0:3] [0:3] [0:4] [0:3] none [0:209] [0:1] [0:1] [0:0.5] [0:1] [0:69] none [0:1]
tree_sizes=2716 2888 2900 2899 2898 2895 2891 2893

Tree=0
num_leaves=31
num_cat=0
split_feature=9 5 9 4 7 10 5 8 8 10 8 3 10 3 5 3 11 3 9 4 8 1 7 9 10 7 7 10 3 10
split_gain=1.95122 1.68763 2.49597 1.99862 1.34337 1.33647 1.37731 1.30415 1.20125 2.84773 1.05707 1.01147 0.967201 0.929639 0.927094 0.784789 0.561231 1.03519 0.742419 0.668959 0.714689 0.541199 0.506145 0.449338 1.43779 1.07472 1.00737 1.14872 0.858914 0.537549
threshold=0.37829932200312488 0.77525252103805553 0.39177922945458021 1.0801282525062563 3.5000000000000004 0.39368297288630782 0.65450927615165722 0.48934240362811793 0.21240601503759401 0.39969692407018315 0.26393188854489169 1.6371827721595766 0.39741148662590803 1.0685360431671145 0.69848483800888073 0.76017832756042492 0.42134472605090162 0.37306627631187445 0.40338743993688897 1.0312500000000002 0.30151515151515157 1.1666666865348818 49.500000000000007 0.39899660013666532 0.40006680026720115 41.500000000000007 48.500000000000007 0.39859626623815581 0.32834427058696752 0.39557740691664345
decision_type=8 8 8 10 2 10 10 10 8 10 8 8 10 10 10 10 10 10 10 8 10 10 2 10 10 2 2 10 10 10
left_child=-1 3 11 4 -2 22 8 21 9 12 -10 13 -7 15 -8 -3 18 -18 19 20 -12 -4 -6 24 26 -25 27 29 -28 -22
right_child=1 2 7 -5 5 6 14 -9 10 -11 16 -13 -14 -15 -16 -17 17 -19 -20 -21 23 -23 -24 25 -26 -27 28 -29 -30 -31
leaf_value=0.42744407650476673 0.41780406764780387 0.42339569590573312 0.41892844205304702 0.41632919436666321 0.4273234455396045 0.42528273050816767 0.41649325685997762 0.42480873309737477 0.41812001741710664 0.42017226916009903 0.42343422903054839 0.43026706642600709 0.43136825682032992 0.42169913922926 0.42113118790536103 0.42871200688296135 0.42209829888060357 0.42757659018701344 0.41804325680654636 0.42520754255160753 0.42350659017484771 0.42219578850892897 0.4229705295609798 0.41920575683001565 0.41631825684007395 0.42571967193642385 0.42129922695815758 0.42711825685572019 0.41610325686853517 0.42024756719386791
leaf_weight=61 74 41 108 64 53 57 70 84 71 81 144 42 40 51 87 64 119 42 50 49 75 79 44 40 60 53 67 40 50 116
leaf_count=61 74 41 108 64 53 57 70 84 71 81 144 42 40 51 87 64 119 42 50 49 75 79 44 40 60 53 67 40 50 116
internal_value=0.422158 0.421998 0.423574 0.42152 0.421744 0.421951 0.4217 0.421704 0.422058 0.424325 0.421645 0.426135 0.427792 0.425022 0.419063 0.426636 0.421921 0.423527 0.421574 0.421828 0.421572 0.420309 0.425349 0.421036 0.420607 0.422918 0.421347 0.422495 0.419079 0.421527
internal_weight=2076 2015 469 1546 1482 1408 1311 271 1154 178 976 198 97 156 157 105 905 161 744 694 645 187 97 501 408 93 348 231 117 191
internal_count=2076 2015 469 1546 1482 1408 1311 271 1154 178 976 198 97 156 157 105 905 161 744 694 645 187 97 501 408 93 348 231 117 191
is_linear=0
shrinkage=1


Tree=1
num_leaves=31
num_cat=0
split_feature=9 5 9 4 8 10 7 5 7 8 10 10 8 3 9 11 4 7 8 5 3 5 3 8 5 3 3 10 7 10
split_gain=1.83591 1.5879 2.36551 1.8805 1.46935 1.28208 1.29591 1.08885 1.12322 0.964031 2.41464 1.12785 1.12534 1.01944 1.90778 0.949801 0.953594 0.788658 0.737758 0.66761 0.665594 0.664644 0.641174 0.600308 0.655251 0.596365 0.528708 0.523309 0.482651 0.431312
threshold=0.37829932200312488 0.77525252103805553 0.39132572356889411 1.0801282525062563 0.48934240362811793 0.39227407578476142 3.5000000000000004 0.65450927615165722 62.500000000000007 0.21240601503759401 0.39969692407018315 0.39741148662590803 0.40682870370370378 0.34374913573265081 0.39937306075959317 0.3904935126215453 0.70714285969734203 59.500000000000007 0.39208074534161497 1.0264808535575869 0.48559953272342687 0.69848483800888073 0.78963127732276928 0.28285714285714292 0.46770833432674414 0.69695323705673229 0.40098170936107641 0.39503308737207249 79.500000000000014 0.40253836401824072
decision_type=8 8 8 10 10 10 2 10 2 8 10 10 8 10 10 10 10 2 10 10 10 10 10 10 8 10 10 10 2 10
left_child=-1 3 17 5 25 -2 -7 9 21 10 11 -8 15 -14 20 16 23 18 -3 -6 -15 -9 -22 -11 -25 -4 -17 -19 29 -27
right_child=1 2 4 -5 19 6 7 8 -10 12 -12 -13 13 14 -16 26 -18 27 -20 -21 22 -23 -24 24 -26 28 -28 -29 -30 -31
leaf_value=0.0051274970711254683 0.0047028196395136586 0.0034696791738998596 -0.0046595627442002291 -0.0056539385521318765 0.00064485582167452026 -0.0045059528789469895 0.0025123406806960703 -0.006578487186796135 0.0015470820405455523 -0.002303749274749022 -0.0019261558519469365 0.0089339527878910287 -0.0004714440648336853 0.0030779622886329891 0.0057414376287709306 -0.0020736382381533677 -0.0048255630236032397 0.0046656153080138294 0.009196306094527245 0.0057385549508035183 -0.0037540197028563577 -0.0021347661996665209 0.0012980744093656538 -0.00077636613334352905 0.003303057434146895 -0.0039601237633649037 -0.0063524476088145194 0.00020031368031221276 0.0015532792052801918 2.0102132111787794e-06
leaf_weight=61 43 41 48 64 55 71 64 54 43 65 81 40 452 40 79 53 43 44 40 40 52 69 40 74 68 51 51 51 51 48
leaf_count=61 43 41 48 64 55 71 64 54 43 65 81 40 452 40 79 53 43 44 40 40 52 69 40 74 68 51 51 51 51 48
internal_value=-6.48696e-11 -0.000155225 0.00137379 -0.000619073 -0.000277482 -0.000401643 -0.000554174 -0.000349074 -0.00262658 -3.45434e-05 0.00195746 0.00498219 -0.000396903 0.000332298 0.00205406 -0.00176261 -0.000760344 0.0041228 0.00629764 0.00278957 -0.000152785 -0.00408567 -0.00155746 8.41213e-05 0.00117716 -0.00174905 -0.0041719 0.00226845 -0.000817684 -0.00203909
internal_weight=2076 2015 469 1546 293 1482 1439 1368 166 1202 185 104 1017 663 211 354 250 176 81 95 132 123 92 207 142 198 104 95 150 99
internal_count=2076 2015 469 1546 293 1482 1439 1368 166 1202 185 104 1017 663 211 354 250 176 81 95 132 123 92 207 142 198 104 95 150 99
is_linear=0
shrinkage=0.03


Tree=2
num_leaves=31
num_cat=0
split_feature=9 5 9 4 8 10 5 7 8 10 8 5 10 7 8 5 3 3 3 11 9 5 5 9 11 7 5 7 9 11
split_gain=1.7274 1.49405 2.22571 1.76937 1.38251 1.21042 1.17707 1.12931 1.07037 2.52751 0.953374 0.89451 0.851609 0.742049 0.694157 0.628155 0.56112 0.537487 2.13042 1.23438 1.21619 1.19748 1.23514 1.15242 0.642417 0.546233 0.645731 0.820977 0.894699 0.602755
threshold=0.37829932200312488 0.77525252103805553 0.39132572356889411 1.0801282525062563 0.48934240362811793 0.39368297288630782 0.65450927615165722 3.5000000000000004 0.21240601503759401 0.39969692407018315 0.26393188854489169 0.69848483800888073 0.39741148662590803 59.500000000000007 0.39208074534161497 1.0264808535575869 0.69695323705673229 0.33206494152545935 0.47226214408874517 0.40131336557649028 0.40094422101766047 0.48934240639209753 0.36140660941600805 0.39326272534236573 0.40454651076188858 112.50000000000001 0.092329546809196486 30.500000000000004 0.39973011816154541 0.40110489871831051
decision_type=8 8 8 10 10 10 10 2 8 10 8 10 10 2 10 10 10 10 10 10 10 10 10 10 10 2 10 2 10 10
left_child=-1 3 13 5 16 -2 7 -7 9 12 -10 -8 -9 14 -3 -6 -4 21 24 23 -21 22 25 -20 -19 26 27 28 -12 -28
right_child=1 2 4 -5 15 6 11 8 10 -11 17 -13 -14 -15 -16 -17 -18 18 19 20 -22 -23 -24 -25 -26 -27 29 -29 -30 -31
leaf_value=0.0049736723474791793 0.0027152351588010789 0.0033655889822942452 -0.0045197757147252557 -0.0054843200510367746 0.00062551001120697363 -0.0042841891431417622 -0.0054293803960084918 0.002955621680931041 -0.0038334915031429744 -0.001868370959052333 0.0011891524290496653 -0.00095862316931116169 0.0086659339740872369 0.0022003998474070903 0.0089204173469915986 0.0055663983933627609 -0.00079315328449010845 0.0057751180756259977 -0.00083215535104831791 -0.0013330397485145208 0.0050864657683640105 0.0036675839638337492 -0.0060924011435021051 -0.006387335024013811 0.0012819405319169164 -0.0040660086859549797 -0.0033698559970575933 0.0027094685332849622 -0.0042268397088380573 0.00011598702883575021
leaf_weight=61 105 41 48 64 55 61 75 57 71 81 66 87 40 95 40 40 150 71 107 58 49 48 44 49 48 42 98 96 47 82
leaf_count=61 105 41 48 64 55 61 75 57 71 81 66 87 40 95 40 40 150 71 107 58 49 48 44 49 48 42 98 96 47 82
internal_value=9.7439e-12 -0.000150568 0.00133258 -0.000600501 -0.000269158 -0.000389594 -0.000626346 -0.000306069 -9.57873e-05 0.00204365 -0.000485972 -0.00302842 0.00531039 0.00399911 0.00610871 0.00270588 -0.00169658 -0.000223348 0.000632113 -0.000874903 0.00160673 -0.000848179 -0.00130451 -0.00257705 0.00396274 -0.000815721 -0.00046479 0.000669529 -0.00106352 -0.00178186
internal_weight=2076 2015 469 1546 293 1482 1377 1215 1154 178 976 162 97 176 81 95 198 905 382 263 107 523 475 156 119 431 389 209 113 180
internal_count=2076 2015 469 1546 293 1482 1377 1215 1154 178 976 162 97 176 81 95 198 905 382 263 107 523 475 156 119 431 389 209 113 180
is_linear=0
shrinkage=0.03


Tree=3
num_leaves=31
num_cat=0
split_feature=9 5 9 4 8 10 7 5 7 8 10 8 10 3 9 11 4 7 12 11 8 11 5 4 8 5 10 3 8 9
split_gain=1.62531 1.40575 2.09417 1.6648 1.30081 1.16135 1.15549 0.960468 1.05439 0.850164 2.13169 1.0093 1.00337 0.919684 1.74338 0.874187 0.883108 0.698194 0.658698 0.869317 0.653132 0.630936 0.591031 0.544113 0.526912 0.587146 0.492382 0.487962 0.396974 0.747373
threshold=0.37829932200312488 0.77525252103805553 0.39132572356889411 1.0801282525062563 0.48934240362811793 0.39227407578476142 3.5000000000000004 0.65450927615165722 62.500000000000007 0.21240601503759401 0.39969692407018315 0.40682870370370378 0.39741148662590803 0.34374913573265081 0.39937306075959317 0.3904935126215453 0.70714285969734203 59.500000000000007 16.500000000000004 0.39841190349628691 0.39208074534161497 0.40341141921249379 1.0264808535575869 1.3693181872367861 0.28285714285714292 0.47140522301197058 0.39503308737207249 0.40098170936107641 0.44151846785225723 0.39651411525950059
decision_type=8 8 8 10 10 10 2 10 2 8 10 8 10 10 10 10 10 2 2 10 10 10 10 10 10 10 10 10 10 10
left_child=-1 3 17 5 23 -2 -7 9 18 10 12 15 -8 28 21 16 24 20 19 -9 -3 -15 -6 -4 -11 -26 -19 -17 29 -13
right_child=1 2 4 -5 22 6 7 8 -10 11 -12 13 -14 14 -16 27 -18 26 -20 -21 -22 -23 -24 -25 25 -27 -28 -29 -30 -31
leaf_value=0.0048244624597127321 0.0044802783481603442 0.0032646212145322705 -0.0026702737508060262 -0.005319790741195902 0.00060674504935741421 -0.0042546169050562549 0.0023490905226208267 0.00075915559399418713 0.0015753200771503669 -0.002130609508890372 -0.0018123199431984514 0.0026601514714055278 0.0084059551432728776 0.0015142201194539666 0.0054765712894216364 -0.00196328526397921 -0.0046182205580001653 0.0044596348431977361 -0.0069868684905331309 -0.0054186383289534868 0.0086528046475723378 -0.0027305511342218284 0.0053994062673300503 0.00076819480349451814 -0.00071865030841247453 0.0031429583173902599 0.00012829230112188002 -0.0060739085691816665 -0.0012534578571156147 -0.0010170289918275204
leaf_weight=61 43 41 139 64 55 71 64 41 43 65 81 86 40 80 79 53 43 44 41 41 40 52 40 59 74 68 51 51 248 118
leaf_count=61 43 41 139 64 55 71 64 41 43 65 81 86 40 80 79 53 43 44 41 41 40 52 40 59 74 68 51 51 248 118
internal_value=4.25286e-12 -0.000146051 0.0012926 -0.000582486 -0.000261083 -0.000377906 -0.000523078 -0.000329409 -0.00246844 -3.40011e-05 0.00183666 -0.000374288 0.00467865 0.000316296 0.00195165 -0.00166767 -0.000706128 0.00387914 -0.00388212 -0.00232974 0.00592545 -0.000157962 0.00262471 -0.00164568 0.000106529 0.00113057 0.00213439 -0.00397907 -0.00044711 0.000533155
internal_weight=2076 2015 469 1546 293 1482 1439 1368 166 1202 185 1017 104 663 211 354 250 176 123 82 81 132 95 198 207 142 95 104 452 204
internal_count=2076 2015 469 1546 293 1482 1439 1368 166 1202 185 1017 104 663 211 354 250 176 123 82 81 132 95 198 207 142 95 104 452 204
is_linear=0
shrinkage=0.03


Tree=4
num_leaves=31
num_cat=0
split_feature=9 5 9 4 10 7 11 8 3 3 2 5 3 8 10 8 7 9 12 3 5 5 7 5 3 3 9 7 9 10
split_gain=1.52926 1.32267 1.97252 1.56641 1.09271 1.0872 1.05316 1.11871 0.932179 0.923603 1.70905 1.54874 1.20389 1.20634 1.67331 1.15684 1.00822 1.00435 0.911152 0.870568 0.869049 1.19906 1.06041 0.720824 0.695834 0.624681 0.595097 0.87502 0.679974 0.765265
threshold=0.37829932200312488 0.77525252103805553 0.39177922945458021 1.0801282525062563 0.39227407578476142 3.5000000000000004 0.40658366456238804 0.36939571150097467 1.6371827721595766 0.48038184642791754 0.45000000298023229 0.54653680324554454 0.35476909577846533 0.18465909090909094 0.39969692407018315 0.35388994307400384 50.500000000000007 0.39940815451019535 10.500000000000002 1.0685360431671145 0.54653680324554454 0.27386364340782171 112.50000000000001 0.21320346742868426 0.76017832756042492 0.96870356798172008 0.39973011816154541 45.500000000000007 0.3937874089746361 0.39535205397226542
decision_type=8 8 8 10 10 2 10 8 8 10 10 10 10 8 10 10 2 10 2 10 10 10 2 10 10 10 10 2 8 10
left_child=-1 3 8 4 -2 -6 7 -4 19 12 -11 15 13 14 -7 -12 -13 -17 -14 24 21 22 23 26 -3 -8 28 -28 29 -15
right_child=1 2 6 -5 5 9 25 -9 -10 10 11 16 18 20 -16 17 -18 -19 -20 -21 -22 -23 -24 -25 -26 -27 27 -29 -30 -31
leaf_value=0.0046797286658013457 0.0043458695120589677 0.00097252673855641994 0.00024815453659920463 -0.0051601968321483577 -0.0041269783381844907 0.0053809988327525758 0.0039599626270287172 -0.0055523013362759038 0.0074970818949597218 -0.0055397059739028158 -0.0019905260041103521 -0.0041642314806079658 0.0052206971938056606 0.0031826245663471001 -0.0015278718254782934 0.0011583644867717445 0.00031408071568975708 0.0070181431369855992 0.00020491797477006912 -0.00075377261156544964 0.0025318747013807295 -0.0031346117820364337 -0.0044050892582163216 0.0034372110547203766 0.0059784816170576956 -0.0001199788760393858 -0.0041291642649208798 0.0010405293608514163 0.0040309065033992128 -0.0015754903222505864
leaf_weight=61 43 41 63 64 71 74 51 57 42 76 59 119 70 43 55 77 73 40 61 51 66 181 48 57 64 100 68 52 45 104
leaf_count=61 43 41 63 64 71 74 51 57 42 76 59 119 70 43 55 77 73 40 61 51 66 181 48 57 64 100 68 52 45 104
internal_value=-1.52888e-11 -0.000141669 0.00125383 -0.000565011 -0.000366569 -0.000507385 -0.000409178 -0.00250706 0.00352996 -0.000319526 -0.00144404 -0.000598198 0.000220825 -0.000219302 0.00243536 0.00143454 -0.00246154 0.00316171 0.00288511 0.00246188 -0.000735041 -0.0010956 -0.000210567 0.000335062 0.00402378 0.00125801 -0.000231676 -0.00188896 0.000804128 -0.000183661
internal_weight=2076 2015 469 1546 1482 1439 271 120 198 1368 444 368 924 793 129 176 192 117 131 156 664 598 417 369 105 151 312 120 192 147
internal_count=2076 2015 469 1546 1482 1439 271 120 198 1368 444 368 924 793 129 176 192 117 131 156 664 598 417 369 105 151 312 120 192 147
is_linear=0
shrinkage=0.03


Tree=5
num_leaves=31
num_cat=0
split_feature=9 5 9 4 8 10 5 7 8 10 8 5 10 7 8 8 4 1 9 9 8 7 8 8 4 10 8 7 3 3
split_gain=1.43888 1.2445 1.86969 1.47383 1.19046 1.03493 1.02289 0.939425 0.912664 2.15885 0.852198 0.830572 0.753471 0.64017 0.616292 0.562712 0.514799 0.478358 1.45987 2.61041 1.22143 1.32965 1.1431 0.687132 0.663514 0.475456 0.662721 0.775762 0.727566 0.567973
threshold=0.37829932200312488 0.77525252103805553 0.39132572356889411 1.0801282525062563 0.48934240362811793 0.39368297288630782 0.65450927615165722 3.5000000000000004 0.21240601503759401 0.39969692407018315 0.26393188854489169 0.69848483800888073 0.39741148662590803 59.500000000000007 0.39208074534161497 0.53410852713178303 1.3693181872367861 0.20168801397085193 0.39559274332073685 0.39326272534236573 0.37406716417910452 48.500000000000007 0.42997198879551829 0.48934240362811793 0.4083333313465119 0.39599317458292477 0.31072796934865904 40.500000000000007 0.087449718266725554 0.015353456605225803
decision_type=8 8 8 10 10 10 10 2 8 10 8 10 10 2 10 10 10 10 10 10 10 2 8 10 8 10 10 2 10 10
left_child=-1 3 13 5 16 -2 7 -7 9 12 -10 -8 -9 14 -3 -6 -4 25 19 20 -19 23 -20 -22 -24 -12 27 -27 29 -28
right_child=1 2 4 -5 15 6 11 8 10 -11 17 -13 -14 -15 -16 -17 -18 18 22 -21 21 -23 24 -25 -26 26 28 -29 -30 -31
leaf_value=0.0045393365310108071 0.0025153712694134032 0.0030349273997835997 -0.0025730237086042224 -0.0050053911306895318 0.0052162472675554451 -0.0039042155713331504 -0.0051272850126028056 0.0026955952691404442 -0.0036093435772288013 -0.0017240617286275934 0.00096674829721450813 -0.00081927045152105132 0.008066814218647779 0.0019895062027008911 0.008268943796865642 0.00053981275958093729 0.00077153819597373572 0.0034910257813865189 -0.00089381824162873351 -0.0077685862589021064 -0.0024987261725420299 -0.0057748000057680268 0.0019726726308465004 0.0022598563507199286 0.0061138430123145763 -0.0019377513033779045 -0.0022809774773876841 0.0021591101113606144 -0.00078345389384776353 -0.0072446995654276434
leaf_weight=61 105 41 139 64 40 61 75 57 71 81 93 87 40 95 40 55 59 73 66 43 44 42 75 72 65 95 41 74 80 42
leaf_count=61 105 41 139 64 40 61 75 57 71 81 93 87 40 95 40 55 59 73 66 43 44 42 75 72 65 95 41 74 80 42
internal_value=2.79935e-11 -0.000137419 0.00121621 -0.000548061 -0.000251843 -0.000355572 -0.000574489 -0.000275925 -8.41346e-05 0.00189142 -0.00044443 -0.00281372 0.00491053 0.00366019 0.00561963 0.00250884 -0.00157641 -0.000196133 0.000452871 -0.00098168 0.000281684 -0.00120111 0.00236096 0.000454877 0.00389536 -0.000929126 -0.0014602 -0.000143859 -0.00282499 -0.00479274
internal_weight=2076 2015 469 1546 293 1482 1377 1215 1154 178 976 162 97 176 81 95 198 905 480 274 231 158 206 116 140 425 332 169 163 83
internal_count=2076 2015 469 1546 293 1482 1377 1215 1154 178 976 162 97 176 81 95 198 905 480 274 231 158 206 116 140 425 332 169 163 83
is_linear=0
shrinkage=0.03


Tree=6
num_leaves=31
num_cat=0
split_feature=9 5 9 4 8 10 7 3 2 5 3 8 10 8 7 9 12 5 5 7 5 7 8 9 7 9 10 5 3 11
split_gain=1.35384 1.17095 1.75919 1.38673 1.12011 0.989751 0.969526 0.85974 1.61844 1.4074 1.12789 1.07799 1.48502 1.06234 0.943843 0.89436 0.848102 0.830306 1.13077 1.00477 0.679692 0.602336 0.579869 0.564662 0.792199 0.636522 0.693353 0.55474 0.49612 0.4636
threshold=0.37829932200312488 0.77525252103805553 0.39132572356889411 1.0801282525062563 0.48934240362811793 0.39227407578476142 3.5000000000000004 0.48038184642791754 0.45000000298023229 0.54653680324554454 0.35476909577846533 0.18465909090909094 0.39969692407018315 0.35388994307400384 50.500000000000007 0.39940815451019535 10.500000000000002 0.54653680324554454 0.27386364340782171 112.50000000000001 0.21320346742868426 59.500000000000007 0.39208074534161497 0.39973011816154541 45.500000000000007 0.3937874089746361 0.39535205397226542 1.0264808535575869 0.69695323705673229 0.39818963388530876
decision_type=8 8 8 10 10 10 2 10 10 10 10 8 10 10 2 10 2 10 10 2 10 2 10 10 2 8 10 10 10 10
left_child=-1 3 21 5 28 -2 -7 10 -9 13 11 12 -8 -10 29 -15 -12 18 19 20 23 22 -3 25 -25 26 -13 -6 -4 -11
right_child=1 2 4 -5 27 6 7 8 9 14 16 17 -14 15 -16 -17 -18 -19 -20 -21 -22 -23 -24 24 -26 -27 -28 -29 -30 -31
leaf_value=0.0044031567944854983 0.0041400327091646741 0.0029438796621270294 -0.0041837685927748674 -0.0048552293109241874 0.00047854504835876554 -0.0038970211977270288 0.0050782420722818048 -0.0053720820479487121 -0.0019077764085288775 -0.0025006599530373532 0.0050519610004765647 0.0030515754569408506 -0.0014303133487701416 0.0011390728755043698 0.0003459169950387249 0.0066686906442046156 0.00021283362427207289 0.0024995381808416411 -0.0030262547216856677 -0.004269692967645824 0.0033567650106392406 0.001929821028913322 0.0080208753724582485 -0.0039518051988938277 0.00096715170030410482 0.0039250409156084062 -0.0014774652541829989 0.0051217360105365508 -0.00067963162958621973 -0.0063459222585610722
leaf_weight=61 43 41 48 64 55 71 74 76 59 73 70 43 55 77 73 40 61 66 181 48 57 95 40 68 52 45 104 40 150 46
leaf_count=61 43 41 48 64 55 71 74 76 59 73 70 43 55 77 73 40 61 66 181 48 57 95 40 68 52 45 104 40 150 46
internal_value=3.69299e-11 -0.000133297 0.00117972 -0.000531619 -0.000244287 -0.000344905 -0.000478923 -0.000301522 -0.00138646 -0.000563346 0.000219814 -0.000206194 0.00230328 0.00137442 -0.00233963 0.00302954 0.00279863 -0.000693727 -0.00104616 -0.000186696 0.000344425 0.00355038 0.00545104 -0.000205906 -0.00182026 0.000803064 -0.000152644 0.00243357 -0.00152912 -0.00398706
internal_weight=2076 2015 469 1546 293 1482 1439 1368 444 368 924 793 129 176 192 117 131 664 598 417 369 176 81 312 120 192 147 95 198 119
internal_count=2076 2015 469 1546 293 1482 1439 1368 444 368 924 793 129 176 192 117 131 664 598 417 369 176 81 312 120 192 147 95 198 119
is_linear=0
shrinkage=0.03


Tree=7
num_leaves=31
num_cat=0
split_feature=9 5 9 4 3 10 7 11 8 3 3 2 8 3 8 10 9 8 12 9 7 7 3 9 5 5 7 4 9 4
split_gain=1.27383 1.10175 1.66838 1.30477 1.11741 0.931257 0.912227 0.885353 0.972603 0.854151 0.810095 1.73536 1.2479 1.12188 1.01593 1.64006 1.00745 0.980479 0.923001 0.850458 0.816395 1.03553 0.703232 0.59076 0.588733 1.34658 0.799614 0.804833 1.30379 0.648078
threshold=0.37829932200312488 0.77525252103805553 0.39309341374220447 1.0801282525062563 1.6653802990913393 0.39227407578476142 3.5000000000000004 0.40920242424100522 0.36939571150097467 1.235669791698456 0.47226214408874517 0.45000000298023229 0.38348416289592763 0.35476909577846533 0.13392857142857145 0.39969692407018315 0.40094422101766047 0.3066239316239317 13.500000000000002 0.39231360659726716 109.50000000000001 83.500000000000014 0.99940627813339245 0.38816635096739283 0.48934240639209753 0.36140660941600805 68.500000000000014 0.2264957278966904 0.40209314331304857 0.11805555596947671
decision_type=8 8 8 10 8 10 2 10 8 10 10 10 10 10 8 10 10 10 2 10 2 2 10 10 10 10 2 10 8 8
left_child=-1 3 4 5 9 -2 -7 8 -4 23 13 -12 17 14 15 -8 19 -13 -15 -14 21 24 -9 -3 25 26 27 28 29 -16
right_child=1 2 7 -5 -6 6 10 22 -10 -11 11 12 16 18 20 -17 -18 -19 -20 -21 -22 -23 -24 -25 -26 -27 -28 -29 -30 -31
leaf_value=0.0042710619432027221 0.0040158316406399708 0.0058476385575803843 8.192105184901845e-05 -0.0047095721703954039 0.007013644375937416 -0.0037801103209945514 0.0058153986930847166 0.0041278187064237373 -0.0056407373498838674 -0.0018728690629088601 -0.0054044610634446143 -5.9879296769698456e-05 0.0017927474498748779 0.0046630053874105208 0.00087709221682127783 -0.0015822097309389892 0.0043880209937447404 -0.0044881491065025328 -0.00078381875795977462 -0.0031186753863638094 -0.0036982356618557657 0.0041556286938827149 -0.00069624780249353993 0.0017398822559295472 0.0017651339471340178 -0.0052611935568057881 -0.0041670115486435273 -0.0028666141618725279 -0.0025547946693308381 0.0044816462585672004
leaf_weight=61 43 44 55 64 47 71 60 43 52 43 78 90 75 84 170 49 61 90 42 55 70 44 74 111 80 59 46 71 83 61
leaf_count=61 43 44 55 64 47 71 60 43 52 43 78 90 75 84 170 49 61 90 42 55 70 44 74 111 80 59 46 71 83 61
internal_value=3.02276e-11 -0.000129298 0.00114433 -0.000515671 0.00285523 -0.000334558 -0.000464555 -0.000726959 -0.00269918 0.00186813 -0.000292476 -0.00133691 -0.000481737 0.000217808 -0.000200009 0.00248987 0.00120732 -0.00227401 0.0028474 -0.000285162 -0.000628659 -0.000278707 0.0010767 0.00290596 -0.000621006 -0.00101058 -0.00042871 1.79442e-05 0.000670185 0.00182894
internal_weight=2076 2015 469 1546 245 1482 1439 224 107 198 1368 449 371 919 793 109 191 180 126 130 684 614 117 155 570 490 431 385 314 231
internal_count=2076 2015 469 1546 245 1482 1439 224 107 198 1368 449 371 919 793 109 191 180 126 130 684 614 117 155 570 490 431 385 314 231
is_linear=0
shrinkage=0.03


end of trees

feature_importances:
eff_player_prior_rate=39
player_goal_line_carries_career_prior=36
eff_position_prior_rate=36
history_history_games=32
player_goal_line_carries_ewm5=31
eff_league_prior_rate=30
player_goal_line_carries_season_to_date=16
eff_shrunk_rate=11
eff_player_prior_exposure=4
player_goal_line_carries_roll5_mean=3
player_goal_line_carries_roll3_mean=2

parameters:
[boosting: gbdt]
[objective: regression]
[metric: rmse]
[tree_learner: serial]
[device_type: cpu]
[data_sample_strategy: bagging]
[data: ]
[valid: ]
[num_iterations: 8]
[learning_rate: 0.03]
[num_leaves: 31]
[num_threads: 1]
[seed: 23023]
[deterministic: 1]
[force_col_wise: 1]
[force_row_wise: 0]
[histogram_pool_size: -1]
[max_depth: -1]
[min_data_in_leaf: 40]
[min_sum_hessian_in_leaf: 0.001]
[bagging_fraction: 1]
[pos_bagging_fraction: 1]
[neg_bagging_fraction: 1]
[bagging_freq: 0]
[bagging_seed: 23023]
[bagging_by_query: 0]
[feature_fraction: 1]
[feature_fraction_bynode: 1]
[feature_fraction_seed: 23023]
[extra_trees: 0]
[extra_seed: 9987]
[early_stopping_round: 0]
[early_stopping_min_delta: 0]
[first_metric_only: 0]
[max_delta_step: 0]
[lambda_l1: 0]
[lambda_l2: 0]
[linear_lambda: 0]
[min_gain_to_split: 0]
[drop_rate: 0.1]
[max_drop: 50]
[skip_drop: 0.5]
[xgboost_dart_mode: 0]
[uniform_drop: 0]
[drop_seed: 4121]
[top_rate: 0.2]
[other_rate: 0.1]
[min_data_per_group: 100]
[max_cat_threshold: 32]
[cat_l2: 10]
[cat_smooth: 10]
[max_cat_to_onehot: 4]
[top_k: 20]
[monotone_constraints: ]
[monotone_constraints_method: basic]
[monotone_penalty: 0]
[feature_contri: ]
[forcedsplits_filename: ]
[refit_decay_rate: 0.9]
[cegb_tradeoff: 1]
[cegb_penalty_split: 0]
[cegb_penalty_feature_lazy: ]
[cegb_penalty_feature_coupled: ]
[path_smooth: 0]
[interaction_constraints: ]
[verbosity: -1]
[saved_feature_importance_type: 0]
[use_quantized_grad: 0]
[num_grad_quant_bins: 4]
[quant_train_renew_leaf: 0]
[stochastic_rounding: 1]
[linear_tree: 0]
[max_bin: 255]
[max_bin_by_feature: ]
[min_data_in_bin: 3]
[bin_construct_sample_cnt: 200000]
[data_random_seed: 23023]
[is_enable_sparse: 1]
[enable_bundle: 1]
[use_missing: 1]
[zero_as_missing: 0]
[feature_pre_filter: 1]
[pre_partition: 0]
[two_round: 0]
[header: 0]
[label_column: ]
[weight_column: ]
[group_column: ]
[ignore_column: ]
[categorical_feature: ]
[forcedbins_filename: ]
[precise_float_parser: 0]
[parser_config_file: ]
[objective_seed: 11606]
[num_class: 1]
[is_unbalance: 0]
[scale_pos_weight: 1]
[sigmoid: 1]
[boost_from_average: 1]
[reg_sqrt: 0]
[alpha: 0.9]
[fair_c: 1]
[poisson_max_delta_step: 0.7]
[tweedie_variance_power: 1.5]
[lambdarank_truncation_level: 30]
[lambdarank_norm: 1]
[label_gain: ]
[lambdarank_position_bias_regularization: 0]
[eval_at: ]
[multi_error_top_k: 1]
[auc_mu_weights: ]
[num_machines: 1]
[local_listen_port: 12400]
[time_out: 120]
[machine_list_filename: ]
[machines: ]
[gpu_platform_id: -1]
[gpu_device_id: -1]
[gpu_use_dp: 0]
[num_gpu: 1]

end of parameters

pandas_categorical:[]
