tree
version=v4
num_class=1
num_tree_per_iteration=1
label_index=0
max_feature_idx=18
objective=regression
feature_names=player_field_goal_attempts_lag1 player_field_goal_attempts_roll3_mean player_field_goal_attempts_roll5_mean player_field_goal_attempts_season_to_date player_field_goal_attempts_career_prior player_field_goals_made_lag1 player_field_goals_made_roll3_mean player_field_goals_made_roll5_mean player_field_goals_made_season_to_date player_field_goals_made_career_prior history_no_nfl_history_flag history_history_games eff_player_prior_rate eff_position_prior_rate eff_league_prior_rate eff_shrunk_rate eff_player_prior_exposure eff_prior_weight eff_rookie_position_prior_flag
feature_infos=[0:8] [0:5] [0:5] [0:7] [0:5] [0:7] [0:5] [0:4] [0:7] [0:4] [0:1] [0:216] [0:1] [0.75:1] [0.83437779767233666:1] [0.70703999324295796:1] [0:467] none [0:1]
tree_sizes=2741 2932

Tree=0
num_leaves=31
num_cat=0
split_feature=9 7 3 8 11 13 13 14 3 9 2 7 12 4 15 14 8 3 14 16 3 4 13 4 9 9 3 1 9 15
split_gain=1.31493 1.03608 0.586007 0.561036 0.809743 0.673086 0.650318 0.971851 0.767431 0.603587 0.553224 0.52764 0.56905 1.04208 0.737382 0.728969 0.571461 0.665385 0.636379 0.57831 0.459203 0.49979 0.422864 0.893633 0.888958 0.788897 0.896791 1.22579 1.27016 0.62281
threshold=1.4239856004714968 1.2916666865348818 1.577380955219269 0.75155892968177807 53.500000000000007 0.8472786437250871 0.84563490682464948 0.84255727917179091 1.577380955219269 1.2231800556182864 1.1000000238418581 2.1000000238418584 0.82361880922581809 2.5982456207275395 0.83895198436397578 0.84679047729873302 1.7071428894996645 2.5773808956146245 0.84381926687041597 41.500000000000007 1.8257576227188113 1.6434624791145327 0.8520970341813815 1.8892719745635989 1.5389676094055178 1.6787018179893496 1.240384638309479 1.8333333134651186 1.7844645380973818 0.86831281491686629
decision_type=10 8 8 8 2 10 10 10 8 10 10 10 10 10 10 10 10 10 10 2 8 8 10 10 10 10 10 10 10 10
left_child=1 3 -3 5 6 -1 7 -5 10 -9 -8 12 13 16 15 -14 -2 18 -18 -20 -4 -22 23 24 29 -25 27 28 -27 -16
right_child=11 2 20 4 -6 -7 8 9 -10 -11 -12 -13 14 -15 22 -17 17 -19 19 -21 21 -23 -24 25 -26 26 -28 -29 -30 -31
leaf_value=0.84087508742609296 0.84447720724087272 0.84565149767198844 0.84026307667105604 0.83807048586747579 0.84391634614050881 0.84543023979733767 0.83950008751320748 0.84460530718194693 0.84185251219279944 0.83998566436935451 0.8352557915239216 0.84380135415045265 0.84213003862188951 0.83911959305290773 0.84430530719982833 0.83795292634934293 0.84488907342840813 0.84557594209085019 0.8440870532260456 0.84011671276776989 0.84581739512986309 0.84224816436918104 0.84372673577918922 0.84467500259562311 0.84067272884546052 0.83639816438218173 0.84321628999459364 0.8451004899115856 0.84275816434421813 0.84006066443124094
leaf_weight=65 606 75 57 56 55 53 52 70 46 40 59 1254 359 42 140 42 55 63 45 124 52 110 665 272 287 65 971 43 50 40
leaf_count=65 606 75 57 56 55 53 52 70 46 40 59 1254 359 42 140 42 55 63 45 124 52 110 665 272 287 65 971 43 50 40
internal_value=0.843091 0.841952 0.843363 0.841115 0.840551 0.842921 0.839979 0.841288 0.838594 0.842925 0.837244 0.843267 0.843093 0.843738 0.842888 0.841693 0.843955 0.842852 0.842086 0.841174 0.842579 0.843394 0.843077 0.842846 0.841709 0.843225 0.842875 0.840779 0.839163 0.843362
internal_weight=5913 790 294 496 378 118 323 166 157 110 111 5123 3869 935 2934 401 893 287 224 169 219 162 2533 1868 467 1401 1129 158 115 180
internal_count=5913 790 294 496 378 118 323 166 157 110 111 5123 3869 935 2934 401 893 287 224 169 219 162 2533 1868 467 1401 1129 158 115 180
is_linear=0
shrinkage=1


Tree=1
num_leaves=31
num_cat=0
split_feature=9 7 3 8 11 13 13 14 3 9 2 7 12 4 15 14 8 3 14 3 4 1 16 13 4 9 9 3 1 4
split_gain=1.23722 0.974848 0.551374 0.527878 0.761887 0.633307 0.611884 0.914415 0.722076 0.567915 0.520529 0.496456 0.535419 0.980495 0.693802 0.685887 0.537688 0.626061 0.606879 0.432064 0.470253 0.402603 0.444265 0.397873 0.84082 0.836421 0.742273 0.843791 1.15335 1.19796
threshold=1.4239856004714968 1.2916666865348818 1.577380955219269 0.75155892968177807 53.500000000000007 0.8472786437250871 0.84563490682464948 0.84255727917179091 1.577380955219269 1.2231800556182864 1.1000000238418581 2.1000000238418584 0.82361880922581809 2.5982456207275395 0.83895198436397578 0.84679047729873302 1.7071428894996645 2.5773808956146245 0.84738813101571919 1.8257576227188113 1.6434624791145327 1.5833333134651186 230.50000000000003 0.8520970341813815 1.8892719745635989 1.5389676094055178 1.6787018179893496 1.240384638309479 1.8333333134651186 2.0944941043853764
decision_type=10 8 8 8 2 10 10 10 8 10 10 10 10 10 10 10 10 10 10 8 8 10 2 10 10 10 10 10 10 10
left_child=1 3 -3 5 6 -1 7 -5 10 -9 -8 12 13 16 15 21 -2 18 -18 -4 -21 -14 -23 24 25 -16 -26 28 29 -28
right_child=11 2 19 4 -6 -7 8 9 -10 -11 -12 -13 14 -15 23 -17 17 -19 -20 20 -22 22 -24 -25 26 -27 27 -29 -30 -31
leaf_value=-0.0021493295431137083 0.0013447267169796741 0.0024837885722517965 -0.0027429800441390586 -0.0048697930986859967 0.00080069151723926712 0.0022691683021356475 -0.0034830793595084777 0.0014689835783626352 -0.0012012275527028932 -0.0030120699765393512 -0.007600046578100172 0.00068914931053607657 -0.0024143435822519582 -0.0038521591840045789 0.00026302732030550639 -0.0049838257155248094 -0.00016998048998036628 0.002410499510310945 -0.0040049384692881973 0.0026447088056458876 -0.00081744502958926287 0.00031902578091476017 -0.0031018801097099373 0.00061676932557633052 0.0015365881678264808 -0.0023456173895076175 -0.0062200971225827512 0.00012163706474873235 0.0019493108528644539 7.984595881267027e-05
leaf_weight=65 606 75 57 56 55 53 52 70 46 40 59 1254 113 42 180 42 177 63 47 52 110 205 41 665 272 287 71 971 43 44
leaf_count=65 606 75 57 56 55 53 52 70 46 40 59 1254 113 42 180 42 177 63 47 52 110 205 41 665 272 287 71 971 43 44
internal_value=9.6747e-12 -0.00110507 0.000263742 -0.00191642 -0.00246324 -0.00016475 -0.00301901 -0.00174917 -0.00436165 -0.00016049 -0.00567138 0.000170409 2.27728e-06 0.00062744 -0.000196948 -0.0013564 0.000838127 -0.000231558 -0.000974637 -0.000496548 0.000293864 -0.000932027 -0.000251125 -1.33942e-05 -0.00023773 -0.00134014 0.000129742 -0.000209197 -0.00224236 -0.00380968
internal_weight=5913 790 294 496 378 118 323 166 157 110 111 5123 3869 935 2934 401 893 287 224 219 162 359 246 2533 1868 467 1401 1129 158 115
internal_count=5913 790 294 496 378 118 323 166 157 110 111 5123 3869 935 2934 401 893 287 224 219 162 359 246 2533 1868 467 1401 1129 158 115
is_linear=0
shrinkage=0.03


end of trees

feature_importances:
player_field_goal_attempts_season_to_date=10
player_field_goals_made_career_prior=9
player_field_goal_attempts_career_prior=7
eff_position_prior_rate=6
eff_league_prior_rate=6
player_field_goals_made_roll5_mean=4
player_field_goals_made_season_to_date=4
player_field_goal_attempts_roll3_mean=3
eff_shrunk_rate=3
player_field_goal_attempts_roll5_mean=2
history_history_games=2
eff_player_prior_rate=2
eff_player_prior_exposure=2

parameters:
[boosting: gbdt]
[objective: regression]
[metric: rmse]
[tree_learner: serial]
[device_type: cpu]
[data_sample_strategy: bagging]
[data: ]
[valid: ]
[num_iterations: 2]
[learning_rate: 0.03]
[num_leaves: 31]
[num_threads: 1]
[seed: 24024]
[deterministic: 1]
[force_col_wise: 1]
[force_row_wise: 0]
[histogram_pool_size: -1]
[max_depth: -1]
[min_data_in_leaf: 40]
[min_sum_hessian_in_leaf: 0.001]
[bagging_fraction: 1]
[pos_bagging_fraction: 1]
[neg_bagging_fraction: 1]
[bagging_freq: 0]
[bagging_seed: 24024]
[bagging_by_query: 0]
[feature_fraction: 1]
[feature_fraction_bynode: 1]
[feature_fraction_seed: 24024]
[extra_trees: 0]
[extra_seed: 8483]
[early_stopping_round: 0]
[early_stopping_min_delta: 0]
[first_metric_only: 0]
[max_delta_step: 0]
[lambda_l1: 0]
[lambda_l2: 0]
[linear_lambda: 0]
[min_gain_to_split: 0]
[drop_rate: 0.1]
[max_drop: 50]
[skip_drop: 0.5]
[xgboost_dart_mode: 0]
[uniform_drop: 0]
[drop_seed: 27597]
[top_rate: 0.2]
[other_rate: 0.1]
[min_data_per_group: 100]
[max_cat_threshold: 32]
[cat_l2: 10]
[cat_smooth: 10]
[max_cat_to_onehot: 4]
[top_k: 20]
[monotone_constraints: ]
[monotone_constraints_method: basic]
[monotone_penalty: 0]
[feature_contri: ]
[forcedsplits_filename: ]
[refit_decay_rate: 0.9]
[cegb_tradeoff: 1]
[cegb_penalty_split: 0]
[cegb_penalty_feature_lazy: ]
[cegb_penalty_feature_coupled: ]
[path_smooth: 0]
[interaction_constraints: ]
[verbosity: -1]
[saved_feature_importance_type: 0]
[use_quantized_grad: 0]
[num_grad_quant_bins: 4]
[quant_train_renew_leaf: 0]
[stochastic_rounding: 1]
[linear_tree: 0]
[max_bin: 255]
[max_bin_by_feature: ]
[min_data_in_bin: 3]
[bin_construct_sample_cnt: 200000]
[data_random_seed: 24024]
[is_enable_sparse: 1]
[enable_bundle: 1]
[use_missing: 1]
[zero_as_missing: 0]
[feature_pre_filter: 1]
[pre_partition: 0]
[two_round: 0]
[header: 0]
[label_column: ]
[weight_column: ]
[group_column: ]
[ignore_column: ]
[categorical_feature: ]
[forcedbins_filename: ]
[precise_float_parser: 0]
[parser_config_file: ]
[objective_seed: 14575]
[num_class: 1]
[is_unbalance: 0]
[scale_pos_weight: 1]
[sigmoid: 1]
[boost_from_average: 1]
[reg_sqrt: 0]
[alpha: 0.9]
[fair_c: 1]
[poisson_max_delta_step: 0.7]
[tweedie_variance_power: 1.5]
[lambdarank_truncation_level: 30]
[lambdarank_norm: 1]
[label_gain: ]
[lambdarank_position_bias_regularization: 0]
[eval_at: ]
[multi_error_top_k: 1]
[auc_mu_weights: ]
[num_machines: 1]
[local_listen_port: 12400]
[time_out: 120]
[machine_list_filename: ]
[machines: ]
[gpu_platform_id: -1]
[gpu_device_id: -1]
[gpu_use_dp: 0]
[num_gpu: 1]

end of parameters

pandas_categorical:[]
