tree
version=v4
num_class=1
num_tree_per_iteration=1
label_index=0
max_feature_idx=15
objective=regression
feature_names=player_yards_per_carry_lag1 player_yards_per_carry_roll3_mean player_yards_per_carry_roll5_mean player_yards_per_carry_ewm5 player_yards_per_carry_season_to_date player_yards_per_carry_career_prior player_carries_career_prior history_no_nfl_history_flag history_history_games eff_player_prior_rate eff_position_prior_rate eff_league_prior_rate eff_shrunk_rate eff_player_prior_exposure eff_prior_weight eff_rookie_position_prior_flag
feature_infos=[-26:75] [-10:60] [-10:60] [-10:60] [-11.5:54] [-10:60] [0:28] [0:1] [0:211] [-10:44] [-1:7.4736842105263159] [3.8437118437118438:5] [-1:8.2484092775041056] [0:2335] none [0:1]
tree_sizes=2697 2834 2828 2835 2835 2827 2825 2804 2829 2817 2833 2823 2828 2826 2824 2831 2856 2827 2826 2850 2840 2851 2831

Tree=0
num_leaves=31
num_cat=0
split_feature=12 9 6 5 12 4 11 12 3 8 0 2 9 2 12 6 3 11 5 1 5 5 10 4 10 4 4 1 8 5
split_gain=12142.8 3602.19 3556.38 1262.93 919.378 741.282 631.383 966.276 876.578 473.178 441.41 405.723 353.765 468.932 546.106 714.473 387.775 379.591 375.951 514.887 389.686 331.798 312.989 310.832 304.029 285.491 275.326 545.13 358.238 485.495
threshold=4.4839158965227748 2.6688596491228074 1.2403703927993777 5.2638161182403573 3.2096342226728494 2.6750270128250127 4.2172199223334372 4.6481114585822398 12.001712322235109 35.500000000000007 -4.7499999999999991 1.3011111021041872 1.6690476190476193 4.8199474811553964 5.9875475401791194 0.27529367804527288 5.636162757873536 4.1893546356602567 3.95442807674408 3.6664352416992192 4.8472399711608896 14.034285545349123 4.1820908401815275 5.2508897781372079 4.5360835639538353 3.6117857694625859 3.9211266040802006 5.3326330184936532 25.500000000000004 6.3840677738189706
decision_type=10 8 8 10 10 10 10 10 10 2 10 10 8 10 10 10 10 10 10 10 10 10 10 8 8 10 8 10 2 10
left_child=1 4 6 25 11 -3 7 -2 10 21 -9 -1 -12 18 15 -15 17 -16 19 23 -20 -10 -5 -14 -8 -4 27 -26 -28 -30
right_child=2 5 3 22 -6 -7 24 8 9 -11 12 -13 13 14 16 -17 -18 -19 20 -21 -22 -23 -24 -25 26 -27 28 -29 29 -31
leaf_value=4.0939060574963628 4.3813382540586607 4.1613724684849149 4.1756261434054887 4.2008731366855203 4.1498055115307233 4.1777052978419826 4.1558911393712483 4.3181085019962824 4.3918553689996918 4.2229430332672484 4.2993868819819587 4.131627862907874 4.1670510655383382 4.2454318293743949 4.354605530375542 4.3636883516301062 4.2184246552464044 4.2239089408274015 4.1213506092201193 4.3305339409205335 4.2045637043043245 4.2950677256315117 4.2206082277739467 4.2635780600018292 4.2334215625708973 4.1922426648656277 4.2359363467347722 4.3489657578239003 4.1760682556893247 4.2262979952862985
leaf_weight=489 48 3260 1312 1223 1657 10741 60 57 56 44 68 540 73 142 40 68 533 40 75 40 156 74 1770 51 223 3201 607 44 306 399
leaf_count=489 48 3260 1312 1223 1657 10741 60 57 56 44 68 540 73 142 40 68 533 40 75 40 156 74 1770 51 223 3201 607 44 306 399
internal_value=4.1838 4.1678 4.20873 4.19743 4.13597 4.1739 4.23519 4.24882 4.24462 4.30798 4.23641 4.1137 4.23279 4.22908 4.24197 4.28372 4.22767 4.28926 4.20221 4.23694 4.17755 4.33676 4.21254 4.20675 4.22217 4.18741 4.22469 4.25246 4.21904 4.2045
internal_weight=27397 16687 10710 7506 2686 14001 3204 1565 1517 174 1343 1029 1286 1218 823 210 613 80 395 164 231 130 2993 124 1639 4513 1579 267 1312 705
internal_count=27397 16687 10710 7506 2686 14001 3204 1565 1517 174 1343 1029 1286 1218 823 210 613 80 395 164 231 130 2993 124 1639 4513 1579 267 1312 705
is_linear=0
shrinkage=1


Tree=1
num_leaves=31
num_cat=0
split_feature=12 9 6 5 12 4 3 4 11 8 9 0 2 3 2 10 8 12 6 6 5 1 5 8 5 9 10 11 4 10
split_gain=11437.4 3472.81 2872.87 1126.17 903.027 662.82 613.134 589.688 552.645 478.703 448.034 456.851 394.887 717.999 381.745 375.266 364.531 361.92 347.613 313.777 391.382 903.293 503.228 404.957 385.555 645.053 314.499 306.842 282.81 269.226
threshold=4.5375220927805069 2.6688596491228074 1.2403703927993777 5.2638161182403573 3.2096342226728494 2.6750270128250127 12.001712322235109 12.077380657196047 4.2147599057581564 35.500000000000007 1.6690476190476193 -4.7499999999999991 4.8001742362976083 4.1007490158081064 1.3011111021041872 6.1074833219470284 23.500000000000004 4.4524177852104296 0.072299651801586165 0.14950952678918841 4.2431561946868905 4.166339874267579 5.5092666149139413 40.500000000000007 7.0034012794494638 6.5015527950310572 5.8876785829656173 4.1760443905596736 3.2893533706665044 4.1820908401815275
decision_type=10 8 8 10 10 10 10 10 10 2 8 8 8 8 10 10 2 10 8 10 10 10 10 2 10 10 10 10 10 10
left_child=1 4 6 28 14 18 7 10 9 15 16 -12 19 -14 -1 -8 -2 -6 -3 27 21 23 -22 -21 25 -24 -26 -13 -4 -5
right_child=2 5 3 29 17 -7 8 -9 -10 -11 11 12 13 -15 -16 -17 -18 -19 -20 20 22 -23 24 -25 26 -27 -28 -29 -30 -31
leaf_value=-0.087195065865304566 0.16484181812580892 0.053574277388730218 -0.010034334681590837 0.01774884416691128 -0.034475093325821771 -0.0054260931502919064 0.11294650466168581 -0.02870941550332181 0.046303033723797599 0.039383138694933484 0.11652752371934744 0.06460949168673584 0.16521993188187481 0.047542244443160908 -0.050604916884046461 0.21900740002884583 0.060883741372823721 0.056859790720045565 -0.021795410239775371 0.0092073145665620502 -0.037262035650866374 0.19803351399488747 0.019469692997102227 0.1201512505710125 0.046158742234110831 0.17296629317972639 -0.033977194705323593 -0.026682103653052808 0.0088070165753630514 0.036277951927683773
leaf_weight=489 51 56 947 1180 1638 11358 73 94 142 42 78 42 48 1676 540 51 75 40 3330 114 105 40 56 40 109 44 74 157 2952 1756
leaf_count=489 51 56 947 1180 1638 11358 73 94 142 42 78 42 48 1676 540 51 75 40 3330 114 105 40 56 40 109 44 74 157 2952 1756
internal_value=-2.80282e-11 -0.0146335 0.0256755 0.0147979 -0.0458666 -0.00889909 0.0495742 0.0451594 0.0897519 0.126919 0.0477226 0.045028 0.0428017 0.0508187 -0.0679932 0.156568 0.102962 -0.0322979 -0.0205489 0.0251048 0.0362239 0.0710156 0.0188281 0.0380239 0.0396389 0.0870082 0.013754 -0.00741453 0.00423078 0.028831
internal_weight=27397 17451 9946 6835 2707 14744 3111 2803 308 166 2709 2583 2505 1724 1029 124 126 1678 3386 781 582 194 388 154 283 100 183 199 3899 2936
internal_count=27397 17451 9946 6835 2707 14744 3111 2803 308 166 2709 2583 2505 1724 1029 124 126 1678 3386 781 582 194 388 154 283 100 183 199 3899 2936
is_linear=0
shrinkage=0.03


Tree=2
num_leaves=31
num_cat=0
split_feature=12 6 9 5 12 4 11 12 3 8 12 13 8 4 3 6 4 5 9 6 6 2 4 5 10 10 13 8 4 6
split_gain=10783.1 3413.83 3241.66 1172.32 764.288 666.003 608.114 1122.71 771.723 418.819 409.961 466.392 809.289 598.904 501.777 510.814 498.625 457.165 431.866 384.861 487.173 359.184 355.632 313.14 290.231 284.922 270.943 303.255 540.574 500.156
threshold=4.4598204754250705 1.2403703927993777 2.6688596491228074 5.2638161182403573 3.2096342226728494 2.6750270128250127 4.2172199223334372 4.6481114585822398 12.001712322235109 35.500000000000007 6.6097671475431197 3.5000000000000004 22.500000000000004 9.0059523582458514 7.5352253913879403 0.36406117677688604 6.6745014190673837 5.7278368473052987 1.9954128440366976 0.054200939834117896 0.1366749703884125 1.3011111021041872 24.625000000000004 14.034285545349123 4.5360835639538353 4.1820908401815275 62.500000000000007 24.500000000000004 4.2500429153442392 0.81934732198715221
decision_type=10 8 8 10 10 10 10 10 10 2 10 2 2 8 10 10 8 10 10 10 10 10 8 10 8 10 2 2 8 10
left_child=2 6 4 -3 21 -4 7 -2 10 23 11 18 13 -13 15 16 -14 -18 19 -9 -21 -1 -12 -10 -8 -5 27 29 -29 -26
right_child=1 3 5 25 -6 -7 24 8 9 -11 22 12 14 -15 -16 -17 17 -19 -20 20 -22 -23 -24 -25 26 -27 -28 28 -30 -31
leaf_value=-0.084579215010719522 0.19412000526807138 0.002968375572789101 -0.021534841853912287 0.015777068821239734 -0.032985580552362559 -0.0059009965465616539 -0.028605685354908927 0.03556924738961717 0.19738352466682305 0.036779870201240884 -0.0044545537420592387 0.20682288402433577 0.055501589496421998 0.05928355114907026 -0.0030386131092121726 0.028969889395188967 0.095416431759679038 0.20809626267506526 0.0035602259214654146 0.18930939386039972 0.048844121843576428 -0.049086766150262619 0.085418240533769119 0.10335655635172451 0.061826560271998579 0.034548293811668691 0.11472663740559322 0.066820055920098501 0.011588219351459681 -0.01234399994227447
leaf_weight=489 56 4796 3201 1233 1644 10486 60 184 56 44 191 65 127 40 95 149 86 52 214 40 50 540 50 74 590 1776 41 210 663 95
leaf_count=489 56 4796 3201 1233 1644 10486 60 184 56 44 191 65 127 40 95 149 86 52 214 40 50 540 50 74 590 1776 41 210 663 95
internal_value=4.97449e-11 0.0229143 -0.0154588 0.0121777 -0.0456769 -0.00955731 0.0488422 0.0622062 0.0573366 0.116783 0.0496348 0.057386 0.0747853 0.150617 0.0591422 0.0734107 0.0983982 0.137875 0.0354943 0.0604355 0.111273 -0.0659534 0.0141913 0.14386 0.036171 0.0268564 0.0386016 0.0365983 0.0248742 0.0515401
internal_weight=27397 11037 16360 7805 2673 13687 3232 1573 1517 174 1343 1102 614 105 509 414 265 138 488 274 90 1029 241 130 1659 3009 1599 1558 873 685
internal_count=27397 11037 16360 7805 2673 13687 3232 1573 1517 174 1343 1102 614 105 509 414 265 138 488 274 90 1029 241 130 1659 3009 1599 1558 873 685
is_linear=0
shrinkage=0.03


Tree=3
num_leaves=31
num_cat=0
split_feature=12 9 6 5 12 2 8 11 9 1 3 12 13 11 6 5 3 3 2 2 0 13 11 11 12 8 1 5 2 0
split_gain=10146.1 3070.55 2539.73 996.545 799.799 601.771 560.086 633.707 550.506 705.91 1643.86 430.624 407.822 764.607 391.97 374.263 515.606 510.723 364.117 337.956 335.513 328.353 784.456 339.183 327.054 308.729 293.741 332.325 359.792 340.995
threshold=4.5375220927805069 2.6688596491228074 1.2403703927993777 5.2638161182403573 3.2096342226728494 2.6738492250442509 22.500000000000004 4.2445060120355285 1.800568181818182 4.0557038784027108 4.6362662315368661 4.7984558424000765 4.5000000000000009 4.2172199223334372 0.50373134016990673 5.5398547649383554 4.2577569484710702 0.69391158223152172 5.9287302494049081 1.3011111021041872 9.3452377319335955 8.5000000000000018 4.1738079291010317 4.2354832195843928 4.4524177852104296 32.500000000000007 2.3892779350280766 8.479166507720949 4.4501481056213388 6.6282894611358651
decision_type=10 8 8 10 10 8 2 10 8 8 8 10 2 10 10 10 10 10 8 10 10 2 10 10 10 2 10 10 10 10
left_child=1 4 6 -4 19 14 8 11 -2 -10 -11 -8 -12 -14 -3 16 17 -13 25 -1 -15 22 -17 26 -6 -9 -23 28 -28 -30
right_child=2 5 3 -5 24 -7 7 18 9 10 12 15 13 20 -16 21 -18 -19 -20 -21 -22 23 -24 -25 -26 -27 27 -29 29 -31
leaf_value=-0.082041835214462747 0.15817139708078826 0.05323474657946619 0.0040148011756917321 0.027155918484271856 -0.032451273964874905 -0.0059791786429350879 0.13066806996862093 -0.024404818668905922 0.0036343162927214658 0.24763578955930743 0.047375485357473913 -0.036238771643278732 0.1500632561586405 0.010322326570749283 -0.025901572045050218 0.1835615408917268 -0.022639340898202312 0.068341035780593237 -0.016287236132300816 -0.047614164977851835 0.10145592815074764 0.086798540384254663 0.058382078941144486 0.10682356766292027 0.054372814960777761 0.048738496466116471 -0.021131112479043247 -0.019885762257453723 0.08970388872921467 0.017015901695404734
leaf_weight=489 52 58 3899 2936 1638 12729 54 67 179 44 662 53 114 90 1957 54 155 203 260 540 61 77 272 63 40 231 68 117 130 105
leaf_count=489 52 58 3899 2936 1638 12729 54 67 179 44 662 53 114 90 1957 54 155 203 260 540 61 77 272 63 40 231 68 117 130 105
internal_value=4.93649e-11 -0.0137827 0.0241827 0.0139552 -0.0431512 -0.00839058 0.046653 0.0365524 0.0626947 0.0583775 0.0684692 0.0476608 0.0599651 0.0914152 -0.0236237 0.0442049 0.0205437 0.0466897 0.00965733 -0.0639748 0.0471379 0.0551809 0.0791173 0.0412464 -0.0303816 0.0322935 0.0329338 0.0230586 0.0396411 0.0572263
internal_weight=27397 17451 9946 6835 2707 14744 3111 1909 1202 1150 971 1351 927 265 2015 1297 411 256 558 1029 151 886 326 560 1678 298 497 420 303 235
internal_count=27397 17451 9946 6835 2707 14744 3111 1909 1202 1150 971 1351 927 265 2015 1297 411 256 558 1029 151 886 326 560 1678 298 497 420 303 235
is_linear=0
shrinkage=0.03


Tree=4
num_leaves=31
num_cat=0
split_feature=12 6 9 5 12 4 11 12 3 8 0 2 10 12 13 8 4 2 9 2 9 13 3 6 4 10 10 6 4 2
split_gain=9570.55 3030.88 2865.56 1034.52 676.8 611.886 547.046 1065.57 712.545 386.968 384.375 317.983 311.494 311.34 370.838 808.148 575.549 503.179 398.736 398.156 381.267 374.039 434.664 352.15 342.957 269.819 267.541 272.805 267.14 252.472
threshold=4.4598204754250705 1.2403703927993777 2.6688596491228074 5.2638161182403573 3.2096342226728494 2.6750270128250127 4.2172199223334372 4.6481114585822398 12.001712322235109 35.500000000000007 -4.7499999999999991 1.3011111021041872 6.1074833219470284 6.6097671475431197 3.5000000000000004 22.500000000000004 9.0059523582458514 7.9009523391723642 1.9954128440366976 4.878061294555665 3.566550116550117 8.5000000000000018 6.1009833812713632 0.054200939834117896 24.625000000000004 4.5360835639538353 4.1729950308135182 10.626453399658205 16.083333015441898 12.680000305175783
decision_type=10 8 8 10 10 10 10 10 10 2 10 10 10 10 2 2 8 10 10 10 10 2 10 10 8 8 10 10 10 10
left_child=2 6 4 -3 11 -4 7 -2 10 12 -9 -1 -10 14 18 16 -16 19 23 20 -17 -21 -23 -12 -15 -8 -5 -28 29 -27
right_child=1 3 5 26 -6 -7 25 8 9 -11 13 -13 -14 24 15 17 -18 -19 -20 21 -22 22 -24 -25 -26 28 27 -29 -30 -31
leaf_value=-0.079580582227626456 0.18720611992957334 0.0028199326815237032 -0.020495758150685547 0.01429203367961366 -0.031031981396157073 -0.0055105511077513424 -0.028457400674000381 0.12278170982473775 0.097331181839108466 0.034169880619103254 0.032946691762228482 -0.046185740703923832 0.1913263880935582 -0.0066485341109575767 0.20009055661578332 0.096365813244134194 0.054129601344466205 -0.022082575048143798 -0.00014645829093906115 0.15192320486673941 0.0060739532271598239 0.11973501929373882 0.013564993377464512 0.11013272778093815 0.082562864878195891 0.035896605253371655 0.035760939844800825 -0.0098396206137130217 -0.029245946432153384 0.092325689712911843
leaf_weight=489 56 4796 3201 1202 1644 10486 60 57 75 44 183 540 55 186 62 60 40 74 212 65 141 67 72 75 49 1470 1680 127 54 75
leaf_count=489 56 4796 3201 1202 1644 10486 60 57 75 44 183 540 55 186 62 60 40 74 212 65 141 67 72 75 49 1470 1680 127 54 75
internal_value=1.2733e-10 0.0215876 -0.0145637 0.0114711 -0.0429749 -0.00901516 0.046018 0.0586932 0.0539492 0.11107 0.0465485 -0.0620556 0.137098 0.0431696 0.0501495 0.0661773 0.142851 0.0498501 0.0303365 0.0629934 0.0330267 0.0925193 0.0647405 0.0553845 0.011953 0.0339998 0.0252601 0.032556 0.0363434 0.0386359
internal_weight=27397 11037 16360 7805 2673 13687 3232 1573 1517 174 1343 1029 130 1286 1051 581 102 479 470 405 201 204 139 258 235 1659 3009 1807 1599 1545
internal_count=27397 11037 16360 7805 2673 13687 3232 1573 1517 174 1343 1029 130 1286 1051 581 102 479 470 405 201 204 139 258 235 1659 3009 1807 1599 1545
is_linear=0
shrinkage=0.03


Tree=5
num_leaves=31
num_cat=0
split_feature=12 6 9 5 12 4 8 11 11 12 9 3 11 4 8 8 3 4 3 12 11 6 8 2 1 11 2 5 5 12
split_gain=9004.93 2851.75 2696.2 973.382 636.801 575.723 519.581 569.941 745.756 748.502 922.226 910.101 1014.48 437.828 528.235 673.922 951.327 373.406 343.895 533.148 357.712 340.723 338.449 335.077 304.907 298.2 292.115 274.078 385.881 289.248
threshold=4.4598204754250705 1.2403703927993777 2.6688596491228074 5.2638161182403573 3.2096342226728494 2.6750270128250127 28.500000000000004 4.2140486626164178 4.1698953878816303 5.9875475401791194 5.3321561569016884 12.001712322235109 4.1743892711615489 16.083333015441898 32.500000000000007 36.500000000000007 4.2577569484710702 13.00833320617676 2.4569522142410283 4.6681272361578117 4.1686751146770122 0.81934732198715221 25.500000000000004 2.6738492250442509 -0.15277778357267377 4.258501392443633 5.3671157360076913 6.3840677738189706 6.9169046878814706 7.0104811761369712
decision_type=10 8 8 10 10 10 2 10 10 10 10 10 10 10 2 2 8 10 10 10 10 10 2 10 10 10 10 10 10 10
left_child=2 6 4 -3 24 -4 7 8 -2 10 -10 12 -11 14 26 16 -16 -13 25 -20 -21 22 -9 -22 -1 -17 -8 -25 -29 -30
right_child=1 3 5 -5 -6 -7 13 21 9 11 -12 17 -14 -15 15 18 -18 -19 19 20 23 -23 -24 27 -26 -27 -28 28 29 -31
leaf_value=-0.0928349257803079 0.0014260650493204594 0.0027353350846178429 -0.019880885840481706 0.024502339136103356 -0.030101023885441846 -0.0053452344862558142 -0.056874575059771788 0.054646377049796115 0.09129439628738778 0.17261560679475466 0.22434431673799241 0.21777724349280683 0.018295220692990829 -0.057210472844382548 0.22865850906819105 -0.023191389674320818 0.05123884063608506 0.089740451705165022 0.13709611551314591 0.099309180227967045 0.10647301802483315 -0.0080516186965230302 -0.01422166762847296 0.0068168374291904593 -0.052023758936089487 0.067658709702747205 0.023031073268069774 0.10208591702618175 0.037974788110636572 -0.03838130135317238
leaf_weight=206 100 4796 3201 3009 1644 10486 79 673 142 45 70 41 259 47 40 144 85 41 50 77 52 112 71 345 823 42 86 79 503 49
leaf_count=206 100 4796 3201 3009 1644 10486 79 673 142 45 70 41 259 47 40 144 85 41 50 77 52 112 71 345 823 42 86 79 503 49
internal_value=4.68218e-11 0.02094 -0.0141268 0.011127 -0.0416856 -0.00874471 0.0446375 0.0571367 0.0772563 0.089937 0.135226 0.0650632 0.0411387 0.0330619 0.0356633 0.041391 0.108013 0.153759 0.0351809 0.0412774 0.0369418 0.0407307 0.0480743 0.0322703 -0.0601939 -0.00267685 -0.0152268 0.0283168 0.040072 0.0311968
internal_weight=27397 11037 16360 7805 2673 13687 3232 1554 698 598 212 386 304 1678 1631 1466 125 82 1341 1155 1105 856 744 1028 1029 186 165 976 631 552
internal_count=27397 11037 16360 7805 2673 13687 3232 1554 698 598 212 386 304 1678 1631 1466 125 82 1341 1155 1105 856 744 1028 1029 186 165 976 631 552
is_linear=0
shrinkage=0.03


Tree=6
num_leaves=31
num_cat=0
split_feature=12 9 6 5 12 2 8 11 11 10 11 3 3 4 8 8 3 6 6 3 12 11 2 2 2 12 12 8 11 5
split_gain=8486.26 2550.42 2107.9 829.879 667.065 532.328 483.201 477.262 650.502 769.157 717.711 666.638 507.267 406.449 503.37 645.349 895.104 376.762 370.957 347.282 435.707 336.571 315.274 306.265 291.128 285.853 285.313 266.722 289.75 345.389
threshold=4.5375220927805069 2.6688596491228074 1.2403703927993777 5.2638161182403573 3.2096342226728494 2.6738492250442509 28.500000000000004 4.2140486626164178 4.1698953878816303 5.9641973550356058 4.1739569572740143 11.004115104675295 3.439332246780396 16.083333015441898 32.500000000000007 36.500000000000007 4.2577569484710702 0.81934732198715221 0.42997199296951299 2.4569522142410283 4.6681272361578117 4.1686751146770122 2.6738492250442509 5.3671157360076913 1.3011111021041872 4.4524177852104296 5.7856550314141844 25.500000000000004 4.2390398779159186 6.9169046878814706
decision_type=10 8 8 10 10 8 2 10 10 10 10 10 10 10 2 2 8 10 10 10 10 10 10 10 10 10 10 2 10 8
left_child=1 4 6 -4 24 18 7 8 -2 26 -11 12 -12 14 23 16 -16 27 -3 -17 -21 -22 -23 -8 -1 -6 -10 28 -9 -30
right_child=2 5 3 -5 25 -7 13 17 9 10 11 -13 -14 -15 15 19 -18 -19 -20 20 21 22 -24 -25 -26 -27 -28 -29 29 -31
leaf_value=-0.075156740820252463 0.0024718308813717902 0.065151502136574238 0.0037276992706577051 0.024845230866400329 -0.029643743737778137 -0.0054227715174264019 -0.060607356771826743 0.028903555156186568 0.11751465700566768 0.16301235710355369 0.11598002039046297 0.13677100028646619 0.021018547362283521 -0.055494158436009224 0.22179875119775533 -0.0064349284741962165 0.049701676915673648 -0.015317763792294443 -0.023918773950687772 0.1354285588642446 0.09632990239309025 0.10327882421417878 0.027467329750642883 0.022340141319951344 -0.043203179155786829 0.051527461521327492 0.22527642928427311 -0.0096622335549388354 0.10970578347719633 0.04899037616699934
leaf_weight=489 98 43 3899 2936 1638 12729 75 258 48 66 62 76 276 47 40 171 85 99 1972 41 77 52 976 86 540 40 41 67 130 240
leaf_count=489 98 43 3899 2936 1638 12729 75 258 48 66 62 76 276 47 40 171 85 99 1972 41 77 52 976 86 540 40 41 67 130 240
internal_value=-1.95016e-10 -0.012605 0.0221164 0.0127988 -0.0393708 -0.00769077 0.0425875 0.0551522 0.0738599 0.0861552 0.071136 0.0564891 0.0384375 0.031462 0.0340115 0.0396289 0.104773 0.0394367 -0.022018 0.0334459 0.0393967 0.0358335 0.0313022 -0.0163 -0.0583881 -0.0277088 0.167158 0.0472362 0.0533066 0.0703228
internal_weight=27397 17451 9946 6835 2707 14744 3111 1461 667 569 480 414 338 1650 1603 1442 125 794 2015 1317 1146 1105 1028 161 1029 1678 89 695 628 370
internal_count=27397 17451 9946 6835 2707 14744 3111 1461 667 569 480 414 338 1650 1603 1442 125 794 2015 1317 1146 1105 1028 161 1029 1678 89 695 628 370
is_linear=0
shrinkage=0.03


Tree=7
num_leaves=31
num_cat=0
split_feature=12 6 6 12 5 2 2 11 12 1 8 13 1 5 8 9 9 4 0 13 3 6 4 9 8 11 12 0 1 0
split_gain=7991.91 2532.29 2428.39 984.762 858.867 602.046 568.027 476.641 983.009 628.706 377.451 463.408 562.209 700.738 475.029 454.039 446.312 362.007 510.308 338.316 378.92 350.954 371.01 285.821 284.858 283.093 281.971 274.954 287.434 272.192
threshold=4.4598204754250705 1.2403703927993777 2.148542165756226 3.4917948919598092 5.2638161182403573 2.6738492250442509 1.676349997520447 4.2172199223334372 4.6393584269159289 14.708333492279055 28.500000000000004 3.5000000000000004 4.166339874267579 5.8092732429504403 19.500000000000004 11.144599303135889 1.5540935672514622 5.2508897781372079 5.9706490039825448 3.5000000000000004 9.0003023147583026 0.36406117677688604 -2.5833333730697627 8.0161290322580658 14.500000000000002 4.2009178540213954 6.0889975144448174 4.3141448497772226 6.4114162921905526 4.9486842155456552
decision_type=10 8 10 10 10 10 8 10 10 10 2 2 10 10 2 10 8 8 10 2 10 10 10 8 2 10 10 10 10 10
left_child=2 7 3 6 -3 -4 -1 8 -2 10 11 16 -13 -14 -15 19 -10 -18 -19 26 21 22 29 -20 -25 -11 -12 -24 -29 -21
right_child=1 4 5 -5 -6 -7 -8 -9 9 25 15 12 13 14 -16 -17 17 18 23 20 -22 -23 27 24 -26 -27 -28 28 -30 -31
leaf_value=-0.07264732646395694 0.17848124066266147 0.0025973959216304141 -0.021755947589562299 -0.022884159973469875 0.023043941263882917 -0.0038951766358999288 -0.033934196772270421 0.03083957181669179 0.12990648222730514 0.15165599229368004 -0.048780826270580294 0.012711065557713692 0.23303904526844257 0.13378378693371601 0.0051576761081814767 -0.056657697698649236 -0.029645285278957868 0.1458661271855235 -0.039909006419569952 0.15242046544118454 -0.024640142561927914 0.022876242082679597 0.013409247446586102 0.026105011553480856 0.10919734071940183 0.056236562111725404 0.038703450039029121 0.13187943176278527 0.033535596703489622 0.061043415087461465
leaf_weight=724 55 4796 2030 2559 3009 10402 645 1659 47 74 70 52 41 73 40 51 70 40 43 71 62 205 102 164 48 45 63 53 54 50
leaf_count=724 55 4796 2030 2559 3009 10402 645 1659 47 74 70 52 41 73 40 51 70 40 43 71 62 205 102 164 48 45 63 53 54 50
internal_value=-2.75188e-10 0.019727 -0.0133085 -0.0338709 0.01048 -0.00681163 -0.0544078 0.0420578 0.0538893 0.0493751 0.0437442 0.0612618 0.0980005 0.1268 0.0882524 0.0298827 0.0428924 0.0316879 0.0462415 0.0359286 0.0455682 0.0537045 0.0728555 0.0306141 0.0449184 0.115573 -0.00734091 0.048652 0.082248 0.114661
internal_weight=27397 11037 16360 3928 7805 12432 1369 3232 1573 1518 1399 618 206 154 113 781 412 365 295 730 597 535 330 255 212 119 133 209 107 121
internal_count=27397 11037 16360 3928 7805 12432 1369 3232 1573 1518 1399 618 206 154 113 781 412 365 295 730 597 535 330 255 212 119 133 209 107 121
is_linear=0
shrinkage=0.03


Tree=8
num_leaves=31
num_cat=0
split_feature=12 12 6 4 5 8 2 11 13 1 5 11 6 1 12 4 0 11 5 12 8 10 9 0 6 4 12 12 1 5
split_gain=7531.15 2293.36 1866.33 754.206 717.185 671.64 669.115 581.291 535.465 592.808 477.556 612.07 456.817 455.518 363.024 384.992 356.57 452.797 417.96 568.49 398.85 331.38 301.904 382.923 306.164 316.152 440.162 298.993 349.857 431.078
threshold=4.5375220927805069 3.3781522881194874 0.81934732198715221 2.0041667222976689 5.1524736881256112 22.500000000000004 1.676349997520447 4.2445060120355285 4.5000000000000009 4.3330178260803232 6.9169046878814706 4.2172199223334372 0.4555336087942124 1.5027777552604678 4.3950588229864698 1.0000000180025095e-35 -4.7499999999999991 4.1645167451089025 5.5398547649383554 5.7493646694783545 28.500000000000004 4.1820908401815275 8.3367697594501742 12.645833492279055 0.25658351182937628 5.1536846160888681 5.9875475401791194 4.5800810534385485 8.3388886451721209 11.516666889190676
decision_type=10 10 8 10 10 2 8 10 2 10 10 10 10 8 10 8 8 10 10 10 2 10 8 10 10 10 10 10 10 10
left_child=1 6 5 14 -4 8 -1 12 13 -10 -11 -12 16 -2 15 -3 -7 -18 19 -19 -20 -6 23 24 25 26 -22 -15 -29 -30
right_child=2 3 4 -5 21 7 -8 -9 9 10 11 -13 -14 27 -16 -17 17 18 20 -21 22 -23 -24 -25 -26 -27 -28 28 29 -31
leaf_value=-0.064601977168584707 0.1339685582813735 -0.053997837337425088 0.0033317996030092904 -0.0048626460350086635 0.01078011124584009 0.12874096096493304 -0.027398347599521478 0.0030163272521996219 0.0078948657692603352 0.1900413266695555 0.15828944972970269 0.034870641008019447 -7.2771944877941431e-05 0.098639844071708213 0.0084988448358282245 -0.02043453670697528 0.13702088979923208 0.057933262983124525 0.12014828516244888 -0.020160455361474306 0.011587970604643571 0.02985340769423285 0.022828865019913804 -0.015348956453245738 0.046828778393629214 0.17559645416888783 0.14984984150156377 0.023723146136079117 0.13887986240750652 0.038043006571630636
leaf_weight=802 52 349 3650 12421 1344 48 951 511 53 62 66 80 205 76 336 2592 46 149 75 192 43 2102 259 43 119 47 40 517 59 108
leaf_count=802 52 349 3650 12421 1344 48 951 511 53 62 66 80 205 76 336 2592 46 149 75 192 43 2102 259 43 119 47 40 517 59 108
internal_value=-1.18356e-10 -0.0118745 0.0208347 -0.00824021 0.0125988 0.0413404 -0.0444191 0.0300236 0.0600822 0.0974626 0.120285 0.0906627 0.0409246 0.048067 -0.0210424 -0.0244174 0.0488459 0.0450602 0.0406856 0.0139626 0.0552424 0.0224145 0.0464076 0.0673217 0.0815981 0.113425 0.0782202 0.0421895 0.0359173 0.073668
internal_weight=27397 17451 9946 15698 7096 2850 1753 1777 1073 261 208 146 1266 812 3277 2941 1061 1013 967 341 626 3446 551 292 249 130 83 760 684 167
internal_count=27397 17451 9946 15698 7096 2850 1753 1777 1073 261 208 146 1266 812 3277 2941 1061 1013 967 341 626 3446 551 292 249 130 83 760 684 167
is_linear=0
shrinkage=0.03


Tree=9
num_leaves=31
num_cat=0
split_feature=12 6 6 12 5 2 2 11 12 1 8 9 13 1 5 8 4 13 2 6 9 2 3 8 11 12 12 11 1 11
split_gain=7089.35 2254.19 2204.73 872.77 764.08 545.067 504.701 429.839 934.436 581.115 342.548 421.348 420.555 507.54 665.429 442.165 407.839 317.159 362.262 326.713 283.314 516.453 443.38 465.552 267.992 260.676 260.593 251.353 393.128 253.552
threshold=4.4598204754250705 1.2403703927993777 2.148542165756226 3.4917948919598092 5.2638161182403573 2.6738492250442509 1.676349997520447 4.2172199223334372 4.6481114585822398 14.708333492279055 28.500000000000004 11.144599303135889 3.5000000000000004 4.166339874267579 5.8092732429504403 19.500000000000004 10.00624990463257 3.5000000000000004 8.7029409408569354 0.36406117677688604 3.566550116550117 4.878061294555665 7.3937902450561532 72.500000000000014 4.2009178540213954 6.0889975144448174 5.9875475401791194 4.220650773240707 7.0006265640258798 4.2692737226332342
decision_type=10 8 10 10 10 10 8 10 10 10 2 10 2 10 10 2 8 2 10 10 10 10 10 2 10 10 10 10 8 10
left_child=2 7 3 6 -3 -4 -1 8 -2 10 12 17 16 -14 -15 -16 26 25 19 20 -19 -22 23 -23 -11 -12 -10 28 -9 -29
right_child=1 4 5 -5 -6 -7 -8 27 9 24 11 -13 13 14 15 -17 -18 18 -20 -21 21 22 -24 -25 -26 -27 -28 29 -30 -31
leaf_value=-0.06865380980466744 0.17122992082632013 0.002420309684106461 -0.020563587711251736 -0.021783977119957127 0.021705613517623065 -0.0035690206314835157 -0.032162377111700384 0.028973365857167852 0.059067442941533259 0.14519045170899983 -0.04809465693788869 -0.055556761078974774 0.011669904816036041 0.22359782781906243 0.12643430844969947 0.0023373103849589827 0.096267788668910226 0.13090981706655747 -0.017287890567229344 0.02201899288734421 0.0013945716239036397 0.07290019577741623 0.025898823896723405 0.20137560128572987 0.052350879659255348 0.036021356568450021 0.0032914698980748653 0.036564712655626379 -0.082910661081473033 -0.0022829873263835905
leaf_weight=724 56 4796 2030 2559 3009 10402 645 76 121 74 70 51 52 41 73 40 91 58 78 200 94 60 62 44 45 63 200 1368 45 170
leaf_count=724 56 4796 2030 2559 3009 10402 645 76 121 74 70 51 52 41 73 40 91 58 78 200 94 60 62 44 45 63 200 1368 45 170
internal_value=1.39577e-10 0.0185797 -0.0125345 -0.0321271 0.00985522 -0.00634403 -0.051461 0.0396486 0.0508842 0.0464417 0.0410244 0.0278061 0.0577077 0.0927065 0.12007 0.0825062 0.0402083 0.0336381 0.0429857 0.0520616 0.0709564 0.0575821 0.0893992 0.127255 0.110083 -0.00825023 0.0243161 0.0289954 -0.0126364 0.0322708
internal_weight=27397 11037 16360 3928 7805 12432 1369 3232 1573 1517 1398 780 618 206 154 113 412 729 596 518 318 260 166 104 119 133 321 1659 121 1538
internal_count=27397 11037 16360 3928 7805 12432 1369 3232 1573 1517 1398 780 618 206 154 113 412 729 596 518 318 260 166 104 119 133 321 1659 121 1538
is_linear=0
shrinkage=0.03


Tree=10
num_leaves=31
num_cat=0
split_feature=12 9 6 5 8 11 12 13 1 5 11 4 6 1 0 11 5 12 2 8 1 11 10 2 0 4 13 8 2 4
split_gain=6683.94 2062.48 1658.22 636.139 617.49 541.32 533.991 490.373 545.05 443.041 555.335 437.473 431.024 424.661 371.459 440.304 435.688 544.174 469.214 447.677 364.517 441.7 310.88 296.663 387.104 329.749 320.106 293.576 356.639 284.865
threshold=4.5375220927805069 2.6688596491228074 0.81934732198715221 5.1524736881256112 22.500000000000004 4.2445060120355285 3.2096342226728494 4.5000000000000009 4.3330178260803232 6.9169046878814706 4.2172199223334372 2.6750270128250127 0.57979625463485729 1.5027777552604678 -4.7499999999999991 4.1645167451089025 5.5092666149139413 5.7493646694783545 7.9009523391723642 28.500000000000004 16.291666984558109 4.2354832195843928 4.1780174738431679 4.4856777191162118 5.7182540893554696 14.034285545349123 14.500000000000002 34.500000000000007 6.0401351451873788 3.2893533706665044
decision_type=10 8 8 10 2 10 10 2 10 10 10 10 10 8 8 10 10 10 10 2 10 10 10 10 10 8 2 2 8 10
left_child=1 6 4 29 7 12 -1 13 -9 -10 -11 -3 14 -2 -6 -16 17 -17 19 -18 21 -20 -5 -21 26 -26 -25 -7 -29 -4
right_child=2 11 3 22 5 27 -8 8 9 10 -12 -13 -14 -15 15 16 18 -19 20 23 -22 -23 -24 24 25 -27 -28 28 -30 -31
leaf_value=-0.05227129550791907 0.12836987806770664 -0.016231936783814429 -0.011310662787409663 0.0097156772187519062 0.1201841171996461 -0.036487104644025249 -0.024822149453362776 0.0068147251178633491 0.18177082676560649 0.15046711051878942 0.032907440286129713 -0.0039459519745590511 -0.026623459705973372 0.039753856298440186 0.12759052346403499 0.050369266105048799 0.16122739465430724 -0.025212444562178391 -0.0094489712217580429 0.012888371568728 0.098846504241228095 0.096605922452041082 0.028235440835269947 0.15574983003273815 0.073211402704016632 -0.019485373234047611 0.05831551747521789 0.041291761647290461 -0.017325983732760307 0.0079987380655034985
leaf_weight=1029 52 3386 919 1326 54 132 1678 53 62 66 80 11358 85 760 49 153 43 195 223 94 46 42 2120 71 107 51 53 212 167 2731
leaf_count=1029 52 3386 919 1326 54 132 1678 53 62 66 80 11358 85 760 49 153 43 195 223 94 46 42 2120 71 107 51 53 212 167 2731
internal_value=-9.48359e-11 -0.0111866 0.0196278 0.0118647 0.0389565 0.0281055 -0.0352563 0.0569269 0.0926988 0.114583 0.0860509 -0.00676746 0.0386251 0.0454288 0.0433212 0.0396383 0.0356405 0.00801745 0.0488087 0.0695301 0.0208915 0.00735973 0.0211091 0.0590434 0.0744285 0.0432903 0.114105 0.00204328 0.0154628 0.003137
internal_weight=27397 17451 9946 7096 2850 1777 2707 1073 261 208 146 14744 1266 812 1181 1127 1078 348 730 419 311 265 3446 376 282 158 124 511 379 3650
internal_count=27397 17451 9946 7096 2850 1777 2707 1073 261 208 146 14744 1266 812 1181 1127 1078 348 730 419 311 265 3446 376 282 158 124 511 379 3650
is_linear=0
shrinkage=0.03


Tree=11
num_leaves=31
num_cat=0
split_feature=12 6 6 12 5 2 2 11 12 3 0 4 11 12 13 8 4 2 9 2 13 3 5 4 6 10 13 4 1 8
split_gain=6297.6 2008 2002.92 782.861 678.793 492.351 449.523 384.711 894.666 539.16 323.909 298.855 283.397 257.892 300.576 616.109 542.138 445.453 341.57 334.464 347.077 401.13 327.303 295.2 290.647 245.315 253.24 260.507 502.856 388.605
threshold=4.4598204754250705 1.2403703927993777 2.148542165756226 3.658564756190184 5.2638161182403573 2.6738492250442509 1.676349997520447 4.2172199223334372 4.6481114585822398 12.001712322235109 -4.7499999999999991 13.00833320617676 4.19132670982777 6.6097671475431197 3.5000000000000004 22.500000000000004 9.0059523582458514 8.0269045829772967 1.9954128440366976 4.878061294555665 8.5000000000000018 6.1009833812713632 3.5347440242767338 24.625000000000004 0.054200939834117896 4.5360835639538353 62.500000000000007 3.9211266040802006 5.3326330184936532 25.500000000000004
decision_type=10 8 10 10 10 10 8 10 10 10 10 8 10 10 2 2 8 10 10 10 2 10 10 8 10 8 2 8 10 2
left_child=2 7 3 6 -3 -4 -1 8 -2 10 -10 -11 -13 14 18 16 -16 19 24 22 -21 -22 -17 -15 -12 -9 27 28 -27 -29
right_child=1 4 5 -5 -6 -7 -8 25 9 11 13 12 -14 23 15 17 -18 -19 -20 20 21 -23 -24 -25 -26 26 -28 29 -30 -31
leaf_value=-0.062010672971194863 0.1657829818581896 0.002269503492430526 -0.019427974360644602 -0.018982268888180852 0.020446647026947866 -0.0032761054112432873 -0.030854656045562028 -0.032235533557832242 0.10722211852669715 0.15442535544143005 0.025453363654554865 0.11785942025216563 0.026418630659246621 -0.011529179861949337 0.17742221689947096 0.085884756892919537 0.035761127064004541 -0.029264349652188163 -0.0055585399424692367 0.13678303295373914 0.10594442197450382 0.0053331746995449068 0.00095193246069053808 0.071238153534656262 0.095575931175053114 0.036370677113238915 0.10314893960952759 0.039280887381538891 0.14714367735030298 0.0062598918735889781
leaf_weight=815 56 4796 2030 2260 3009 10402 853 60 57 51 183 56 67 186 62 57 40 70 212 65 68 75 144 49 75 228 41 612 44 674
leaf_count=815 56 4796 2030 2260 3009 10402 853 60 57 51 183 56 67 186 62 57 40 70 212 65 68 75 144 49 75 228 41 612 44 674
internal_value=-5.84443e-11 0.0175115 -0.0118138 -0.0304882 0.00927719 -0.00591352 -0.0460778 0.0373967 0.0480261 0.0436791 0.0372415 0.0933671 0.0680502 0.0341398 0.0404924 0.0549221 0.121869 0.0406662 0.0226548 0.0526348 0.0793034 0.0531763 0.0250374 0.00572869 0.0458378 0.0273182 0.0295529 0.0276161 0.0542898 0.0219744
internal_weight=27397 11037 16360 3928 7805 12432 1668 3232 1573 1517 1343 174 123 1286 1051 581 102 479 470 409 208 143 201 235 258 1659 1599 1558 272 1286
internal_count=27397 11037 16360 3928 7805 12432 1668 3232 1573 1517 1343 174 123 1286 1051 581 102 479 470 409 208 143 201 235 258 1659 1599 1558 272 1286
is_linear=0
shrinkage=0.03


Tree=12
num_leaves=31
num_cat=0
split_feature=12 12 6 4 9 8 2 11 13 1 5 11 6 1 0 5 12 2 2 2 9 11 4 13 9 3 12 4 11 11
split_gain=5931.14 1841.86 1476.56 635.158 577.051 561.603 548.475 495.31 449.472 510.876 410.747 515.096 400.648 385.617 334.643 412.255 502.532 329.721 410.724 365.019 382.492 336.572 363.307 327.06 385.657 321.158 310.285 350.4 283.607 549.762
threshold=4.5375220927805069 3.3781522881194874 0.81934732198715221 2.0041667222976689 5.2281853281853286 22.500000000000004 1.676349997520447 4.2445060120355285 4.5000000000000009 4.3330178260803232 6.9169046878814706 4.2172199223334372 0.57979625463485729 1.5027777552604678 -4.7499999999999991 5.5092666149139413 5.5221451776964114 7.9009523391723642 14.016666889190676 4.9930951595306405 8.0161290322580658 4.2354832195843928 8.2746028900146502 8.5000000000000018 7.0079365079365088 6.9569008350372323 4.3950588229864698 1.0000000180025095e-35 4.1704399749414653 4.1745059761984109
decision_type=10 10 8 10 10 2 8 10 2 10 10 10 10 8 8 10 10 10 10 10 8 10 8 2 10 10 10 8 10 10
left_child=1 6 5 26 -4 8 -1 12 13 -10 -11 -12 14 -2 -7 16 -16 19 21 -17 23 22 -19 25 -25 -21 27 -3 -15 -30
right_child=2 3 4 -5 -6 7 -8 -9 9 10 11 -13 -14 28 15 17 -18 18 -20 20 -22 -23 -24 24 -26 -27 -28 -29 29 -31
leaf_value=-0.057976565943668568 0.12189469346633325 -0.050369815975587741 0.0034612687691823909 -0.0041813792121563973 0.020665640764121349 0.11392514817416667 -0.024293387334269386 0.0014504278360623611 0.0049661593842056564 0.17399405371908461 0.14386724830351091 0.030646823421120642 -0.026464288954349123 -0.020086404849375995 0.081217992664188957 0.023774201313574467 -0.0062776945851768648 -0.067455016665034381 0.095502425981685513 0.10157610901114013 0.036451173305511474 0.090891459211707118 0.019353547708880973 0.031406421526335181 0.14495202572539795 0.21373080712929365 0.0082818436532189864 -0.018349884354587023 0.14716065515265908 0.036384379153717103
leaf_weight=802 52 349 3919 12421 3177 54 951 511 53 62 66 80 85 70 74 124 293 59 64 54 100 40 164 72 43 40 336 2592 43 647
leaf_count=802 52 349 3919 12421 3177 54 951 511 53 62 66 80 85 70 74 124 293 59 64 54 100 40 164 72 43 40 336 2592 43 647
internal_value=-1.58071e-10 -0.0105379 0.0184895 -0.00728094 0.011164 0.0367288 -0.0397035 0.0263804 0.0538666 0.0881143 0.109301 0.0818287 0.036443 0.0428585 0.0409706 0.037475 0.0113645 0.0500837 0.0273454 0.0672556 0.0847044 0.0107597 -0.00361374 0.107792 0.0738626 0.149302 -0.0190294 -0.0221496 0.0374507 0.0432878
internal_weight=27397 17451 9946 15698 7096 2850 1753 1777 1073 261 208 146 1266 812 1181 1127 367 760 327 433 309 263 223 209 115 94 3277 2941 760 690
internal_count=27397 17451 9946 15698 7096 2850 1753 1777 1073 261 208 146 1266 812 1181 1127 367 760 327 433 309 263 223 209 115 94 3277 2941 760 690
is_linear=0
shrinkage=0.03


Tree=13
num_leaves=31
num_cat=0
split_feature=12 6 6 12 4 2 2 11 12 1 4 3 12 13 8 6 0 2 2 4 9 9 9 12 1 0 6 6 11 11
split_gain=5586.01 1818.64 1788.27 699.054 626.862 445.646 396.643 345.363 851.11 497.605 291.524 331.74 322.089 384.587 510.355 442.683 367.726 335.339 739.759 595.971 412.412 327.741 306.771 286.003 268.808 278.157 253.491 447.929 243.066 242.563
threshold=4.4598204754250705 2.148542165756226 1.2403703927993777 3.658564756190184 5.5770096778869638 2.6738492250442509 1.676349997520447 4.2172199223334372 4.6393584269159289 14.708333492279055 13.00833320617676 12.001712322235109 6.6097671475431197 3.5000000000000004 13.500000000000002 0.36406117677688604 -1.0000000180025095e-35 6.9850757122039804 4.878061294555665 5.1038243770599374 3.566550116550117 7.2018518518518526 1.9954128440366976 6.5215788824490382 2.4993686676025395 4.9486842155456552 0.054200939834117896 0.1366749703884125 4.2009178540213954 4.220650773240707
decision_type=10 10 8 10 10 10 8 10 10 10 10 10 10 2 2 10 10 10 10 10 10 10 10 10 10 10 10 10 10 10
left_child=1 3 7 6 -4 -3 -1 8 -2 10 11 12 13 22 -15 16 -16 18 20 -20 -18 -17 26 -6 -14 -26 -10 -28 -11 -9
right_child=2 5 4 -5 23 -7 -8 29 9 28 -12 -13 24 14 15 21 17 -19 19 -21 -22 -23 -24 -25 25 -27 27 -29 -30 -31
leaf_value=-0.05861890902223945 0.16126164688915012 -0.018361530767544688 0.0038454321864064703 -0.018048329663097207 0.021644540530840379 -0.0029948434421941117 -0.02935273943950421 -0.015188416404233983 0.02356039068054246 0.13345680738421711 -0.038151660522688993 0.115276880451307 0.071804478453206158 0.15595078832904496 0.14182083951343188 -0.0099903422740133963 0.10218190279873934 0.010077151675378123 0.068610594345335937 0.22224173232447356 -0.013510184186697007 0.079571881243586537 -0.0043850752640674463 0.093644211748067058 -0.061661060354249043 0.015129283886997639 0.15982710419967772 0.02513817754089832 0.045039966886242233 0.028926550092463841
leaf_weight=815 55 2030 5873 2260 1881 10402 853 121 184 74 46 49 42 45 55 139 44 93 47 44 75 50 211 51 66 119 40 50 45 1538
leaf_count=815 55 2030 5873 2260 1881 10402 853 121 184 74 46 49 42 45 55 139 44 93 47 44 75 50 211 51 66 119 40 50 45 1538
internal_value=2.52184e-11 -0.0111264 0.0164925 -0.028921 0.00872178 -0.00550404 -0.0436525 0.0352581 0.0453294 0.0411289 0.0361194 0.0386446 0.035765 0.04261 0.0588363 0.050847 0.0704564 0.0575025 0.0785051 0.142894 0.0292667 0.0137034 0.0228038 0.0235452 0.00328874 -0.0122662 0.0437413 0.0849999 0.100022 0.025709
internal_weight=27397 16360 11037 3928 7805 12432 1668 3232 1573 1518 1399 1353 1304 1077 592 547 358 303 210 91 119 189 485 1932 227 185 274 90 119 1659
internal_count=27397 16360 11037 3928 7805 12432 1668 3232 1573 1518 1399 1353 1304 1077 592 547 358 303 210 91 119 189 485 1932 227 185 274 90 119 1659
is_linear=0
shrinkage=0.03


Tree=14
num_leaves=31
num_cat=0
split_feature=12 9 6 4 8 11 12 13 1 5 11 6 4 9 11 0 5 12 2 8 1 11 8 2 12 1 5 1 4 1
split_gain=5268.41 1663.97 1311.52 528.74 528.284 460.57 433.052 416.081 478.076 385.996 474.868 366.605 362.572 350.567 319.949 393.485 393.481 485.77 419.178 411.089 301.997 396.757 276.587 329.683 272.003 296.44 416.825 265.859 411.928 503.978
threshold=4.5375220927805069 2.6688596491228074 0.81934732198715221 4.5002999305725107 22.500000000000004 4.2445060120355285 3.2096342226728494 4.5000000000000009 4.3330178260803232 6.9169046878814706 4.2172199223334372 0.57979625463485729 2.6750270128250127 1.5540935672514622 4.1645167451089025 -4.7499999999999991 5.5092666149139413 5.7493646694783545 7.9009523391723642 28.500000000000004 16.291666984558109 4.2354832195843928 34.500000000000007 6.0401351451873788 4.5800810534385485 8.3388886451721209 11.516666889190676 2.652988195419312 12.077380657196047 4.759629726409913
decision_type=10 8 8 10 2 10 10 2 10 10 10 10 10 8 10 8 10 10 10 2 10 10 2 8 10 10 10 10 8 10
left_child=1 6 4 -4 7 11 -1 13 -9 -10 -11 14 -3 -2 -6 -16 17 -17 19 -18 21 -20 -7 -24 -15 -26 -27 -21 29 -29
right_child=2 12 3 -5 5 22 -8 8 9 10 -12 -13 -14 24 15 16 18 -19 20 27 -22 -23 23 -25 25 26 -28 28 -30 -31
leaf_value=-0.046874000951104701 0.11843051842280795 -0.014578582061154761 0.0013012195865053072 0.017794810604659279 0.11211390914285885 -0.036859819639728154 -0.022154943384079587 0.0037537113338146568 0.16739730851544488 0.13761871348727833 0.028909251406788825 -0.025893119739916395 -0.0033937015696979735 0.089504609376584235 0.11589942740706297 0.045171517683010469 0.15137770917266608 -0.026239191402609531 -0.010712160481465772 0.12102488128225439 0.088490885773486377 0.089802442331399238 0.038398237686323104 -0.017960720843005321 0.018525204348951003 0.12859177410097444 0.0294359109012617 -0.0021354512708342591 -0.0075309130245325515 0.094592695014517003
leaf_weight=1029 49 3386 3129 3967 51 132 1678 53 62 66 80 85 11358 76 52 153 43 195 223 46 46 42 212 167 520 59 108 69 98 163
leaf_count=1029 49 3386 3129 3967 51 132 1678 53 62 66 80 85 11358 76 52 153 43 195 223 46 46 42 212 167 520 59 108 69 98 163
internal_value=-2.95577e-10 -0.0099317 0.0174259 0.0105219 0.0346156 0.024579 -0.0315513 0.0512374 0.0841883 0.104684 0.0780519 0.0342823 -0.00596234 0.040646 0.0386133 0.035296 0.0314079 0.0051569 0.043922 0.0635074 0.0175353 0.00521846 0.000539119 0.0135646 0.0356507 0.029693 0.064467 0.0534585 0.0440401 0.0658244
internal_weight=27397 17451 9946 7096 2850 1777 2707 1073 261 208 146 1266 14744 812 1181 1130 1078 348 730 419 311 265 511 379 763 687 167 376 330 232
internal_count=27397 17451 9946 7096 2850 1777 2707 1073 261 208 146 1266 14744 812 1181 1130 1078 348 730 419 311 265 511 379 763 687 167 376 330 232
is_linear=0
shrinkage=0.03


Tree=15
num_leaves=31
num_cat=0
split_feature=12 6 6 12 5 2 2 8 13 4 8 8 3 11 11 4 9 1 3 10 3 12 11 0 6 2 3 10 6 6
split_gain=4962 1655.03 1595.78 617.364 582.264 421.127 380.788 312.961 395.751 395.66 516.972 584.55 804.17 373.191 713.01 917.283 395.342 466.544 1190.03 394.535 344.265 547.654 333.978 390.168 295.658 301.215 264.024 415.166 274.167 304.983
threshold=4.4598204754250705 2.1203447580337529 1.2403703927993777 3.4917948919598092 5.2638161182403573 2.6738492250442509 1.676349997520447 28.500000000000004 14.500000000000002 12.077380657196047 32.500000000000007 36.500000000000007 4.2577569484710702 4.1698953878816303 4.1743892711615489 5.2002663612365732 1.800568181818182 4.0926945209503183 4.6362662315368661 4.4481644194912953 1.80906617641449 4.6303751371412663 4.1686751146770122 -2.1666666269302364 0.072299651801586165 2.6738492250442509 12.001712322235109 5.8994556882754381 0.99489796161651622 0.6715686321258546
decision_type=10 10 8 10 10 10 8 2 2 10 2 2 8 10 10 10 8 8 8 10 10 10 10 10 10 10 10 10 10 10
left_child=1 3 7 6 -4 -3 -1 8 13 10 -9 12 -12 -2 15 -15 -16 -18 -19 -20 -13 -22 -23 -24 -25 -26 28 -28 29 -21
right_child=2 5 4 -5 -6 -7 -8 9 -10 -11 11 20 -14 14 16 -17 17 18 19 26 21 22 23 24 25 -27 27 -29 -30 -31
leaf_value=-0.059175149376097892 -0.0092640372297980566 -0.017585532747655744 0.0017131291628809699 -0.018974565613806175 0.018548276945643052 -0.002753847783091169 -0.026944496454424541 -0.022944792226081288 -0.014450463426880318 -0.032974525681313344 0.2069015680029988 -0.017635204140930921 0.042496443920665317 0.03658685427691255 0.12815548154711723 0.23485973158052989 0.002752134985214955 0.19200110252727479 0.13544118234794586 0.031048384665130553 0.14084019800148356 0.090795813988944568 -0.057800853599090964 -0.024599387692177996 0.092789936003585649 0.028850064342751312 0.024174774823710322 0.11912414960216644 -0.043893963123967004 0.11635962824150919
leaf_weight=713 99 2063 4796 2517 3009 10453 614 161 101 102 40 134 81 42 50 42 222 51 40 660 41 74 49 85 72 839 80 86 41 40
leaf_count=713 99 2063 4796 2517 3009 10453 614 161 101 102 40 134 81 42 50 42 222 51 40 660 41 74 49 85 72 839 80 86 41 40
internal_value=-2.54097e-10 -0.0104865 0.0155441 -0.0277042 0.00820345 -0.00519854 -0.0442621 0.033271 0.0429716 0.0242872 0.0279932 0.033789 0.0968452 0.0469631 0.0510742 0.135723 0.0454754 0.0420869 0.0508367 0.0432344 0.0278927 0.0331519 0.0292062 0.0248449 0.0289108 0.0339035 0.0391679 0.0733654 0.031507 0.0359233
internal_weight=27397 16360 11037 3844 7805 12516 1327 3232 1554 1678 1576 1415 121 1453 1354 84 1270 1220 998 947 1294 1160 1119 1045 996 911 907 166 741 700
internal_count=27397 16360 11037 3844 7805 12516 1327 3232 1554 1678 1576 1415 121 1453 1354 84 1270 1220 998 947 1294 1160 1119 1045 996 911 907 166 741 700
is_linear=0
shrinkage=0.03


Tree=16
num_leaves=31
num_cat=0
split_feature=12 9 6 9 8 11 6 13 1 12 5 11 6 4 4 1 10 11 0 5 12 8 10 12 5 3 12 12 11 8
split_gain=4672.96 1487.52 1157.98 495.211 471.018 433.001 399.764 390.262 436.034 363.264 360.304 440.323 349.359 337.649 328.927 322.048 301.019 288.078 346.659 336.788 433.631 306.26 261.581 259.349 285.489 317.069 337.94 276.987 264.86 256.173
threshold=4.5375220927805069 2.6688596491228074 0.81934732198715221 5.2281853281853286 22.500000000000004 4.2445060120355285 2.7483440637588505 4.5000000000000009 4.3330178260803232 3.7333270307165427 6.9169046878814706 4.2172199223334372 0.4555336087942124 1.0000000180025095e-35 2.6750270128250127 1.5027777552604678 5.8798816365626712 4.1645167451089025 -4.7499999999999991 5.5398547649383554 5.7493646694783545 28.500000000000004 4.1780174738431679 4.5800810534385485 5.1524736881256112 5.9833464622497567 6.2440476673192054 6.4327761023115615 4.2221293684923564 34.500000000000007
decision_type=10 8 8 10 2 10 10 2 10 10 10 10 10 8 10 8 10 10 8 10 10 2 10 10 10 10 10 10 10 2
left_child=1 6 4 -4 7 12 9 15 -9 13 -10 -12 17 -1 -3 -2 -14 -6 -19 20 -20 -21 -5 -17 28 -26 -27 -28 -25 -7
right_child=2 14 3 22 5 29 -8 8 10 -11 11 -13 16 -15 -16 23 -18 18 19 21 -22 -23 -24 24 25 26 27 -29 -30 -31
leaf_value=-0.074321519134941547 0.11022979977325752 -0.013807357301891476 0.0027887351583779697 0.0068316683003417939 0.11123531867808197 -0.036214839316301303 -0.0031178005583072737 0.003354510743662996 0.16033510317004496 -0.018281762758524334 0.13137355899268932 0.026692922984249891 0.049994274031657439 -0.036874058536858358 -0.0031540618606179216 0.085634232430081614 -0.028127940339801302 0.11648364789783955 0.046606539001800867 0.10213435885608196 -0.021598280984908343 0.037517281028574871 0.024956290400832831 -0.039352977336384355 0.11540925819088112 0.016000200705225929 0.11854939152997347 0.028507905021065569 0.035889161482453344 0.012313106316350655
leaf_weight=263 52 3386 3919 1092 48 132 426 53 62 787 66 80 65 1231 11358 76 140 46 149 75 192 551 2085 96 44 346 62 61 75 379
leaf_count=263 52 3386 3919 1092 48 132 426 53 62 787 66 80 65 1231 11358 76 140 46 149 75 192 551 2085 96 44 346 62 61 75 379
internal_value=-1.12666e-10 -0.00935362 0.0164116 0.00992434 0.0325638 0.0230868 -0.0297948 0.0482588 0.0801711 -0.034777 0.0997445 0.0740143 0.0324952 -0.0434662 -0.00560062 0.0380013 -0.00335748 0.0394224 0.0360196 0.0321919 0.00820383 0.0452589 0.0187265 0.0330594 0.0272177 0.0384076 0.0311836 0.0738947 -0.00635204 -0.000222488
internal_weight=27397 17451 9946 7096 2850 1777 2707 1073 261 2281 208 146 1266 1494 14744 812 205 1061 1013 967 341 626 3177 760 684 513 469 123 171 511
internal_count=27397 17451 9946 7096 2850 1777 2707 1073 261 2281 208 146 1266 1494 14744 812 205 1061 1013 967 341 626 3177 760 684 513 469 123 171 511
is_linear=0
shrinkage=0.03


Tree=17
num_leaves=31
num_cat=0
split_feature=12 6 6 12 4 2 2 11 12 1 4 3 12 13 8 6 3 11 2 13 5 9 8 12 9 1 0 9 11 6
split_gain=4407.71 1494.18 1421.39 549.744 539.9 384.137 346.942 288.99 813.936 425.273 268.07 300.764 303.984 355.602 463.463 400.474 345.422 522.5 760.169 909.88 711.901 297.878 296.531 265.32 256.502 242.033 261.76 239.551 232.697 361.316
threshold=4.4598204754250705 2.1203447580337529 1.2403703927993777 3.4917948919598092 5.5770096778869638 2.6738492250442509 1.676349997520447 4.2172199223334372 4.6393584269159289 14.708333492279055 13.00833320617676 12.001712322235109 6.6097671475431197 3.5000000000000004 13.500000000000002 0.36406117677688604 7.3937902450561532 4.1946699056955339 4.878061294555665 9.5000000000000018 3.8605577945709233 7.2018518518518526 47.500000000000007 6.5215788824490382 1.9954128440366976 2.4993686676025395 4.9486842155456552 14.550000000000002 4.1663197859269534 4.1371471881866464
decision_type=10 10 8 10 10 10 8 10 10 10 10 10 10 2 2 10 10 10 10 2 10 10 2 10 10 10 10 8 10 10
left_child=1 3 7 6 28 -3 -1 8 -2 10 11 12 13 24 -15 16 17 18 20 -20 -16 -17 -19 -6 -10 -14 -27 -11 29 -4
right_child=2 5 4 -5 23 -7 -8 -9 9 27 -12 -13 25 14 15 21 -18 22 19 -21 -22 -23 -24 -25 -26 26 -28 -29 -30 -31
leaf_value=-0.056102777895534625 0.15396535669131711 -0.016689501953163644 0.10576669088490306 -0.018005400085003093 0.019648471748541025 -0.0025241609713096656 -0.025337829789111137 0.022645337315283422 0.03828383311058265 0.14963868231126448 -0.039366437961225922 0.10724264645758939 0.064997637573147318 0.14633217717210451 0.12793300579352812 -0.01174378359834362 0.0085302815895963013 -0.031135244499082147 0.27797741200865772 0.078112555669575187 -0.031997582632238446 0.073640683051384992 0.073430424154951032 0.088995904116069571 -0.0057230607628539843 -0.062693181403658607 0.011799515363048104 0.060070313354237723 0.0022006407076002143 0.008365364947843304
leaf_weight=713 55 2063 50 2517 1881 10453 614 1659 274 41 46 49 42 45 55 139 77 46 41 41 46 50 52 51 211 66 119 78 5714 109
leaf_count=713 55 2063 50 2517 1881 10453 614 1659 274 41 46 49 42 45 55 139 77 46 41 41 46 50 52 51 211 66 119 78 5714 109
internal_value=1.50889e-10 -0.00988348 0.0146502 -0.0262431 0.00772225 -0.00485902 -0.0418679 0.0313805 0.0405931 0.0364854 0.0318543 0.0342758 0.0315339 0.0381838 0.0537867 0.0461732 0.0648243 0.0802501 0.110186 0.178045 0.0550933 0.0108447 0.0243486 0.0214791 0.0191386 -1.63298e-05 -0.0147763 0.09093 0.00319677 0.0389947
internal_weight=27397 16360 11037 3844 7805 12516 1327 3232 1573 1518 1399 1353 1304 1077 592 547 358 281 183 82 101 189 98 1932 485 227 185 119 5873 159
internal_count=27397 16360 11037 3844 7805 12516 1327 3232 1573 1518 1399 1353 1304 1077 592 547 358 281 183 82 101 189 98 1932 485 227 185 119 5873 159
is_linear=0
shrinkage=0.03


Tree=18
num_leaves=31
num_cat=0
split_feature=12 12 6 2 4 4 8 11 13 1 5 11 6 1 11 0 5 12 2 8 2 11 11 11 12 2 0 4 13 12
split_gain=4149.63 1336.47 1029.48 514.808 465.25 454.584 439.924 400.997 360.385 404.652 337.048 403.271 323.688 300.503 281.713 354.07 360.5 441.38 398.244 369.007 272.232 274.165 252.877 482.693 279.004 246.6 348.013 291.86 271.808 245.813
threshold=4.5375220927805069 3.4680748663161522 0.81934732198715221 1.676349997520447 4.5002999305725107 2.0041667222976689 22.500000000000004 4.2445060120355285 4.5000000000000009 4.3330178260803232 6.9169046878814706 4.2172199223334372 0.57979625463485729 1.5027777552604678 4.1645167451089025 -4.7499999999999991 5.5092666149139413 5.5221451776964114 7.9009523391723642 28.500000000000004 11.016666889190676 4.1866210725165045 4.1704399749414653 4.1745059761984109 4.5800810534385485 4.4856777191162118 5.7182540893554696 14.034285545349123 14.500000000000002 4.3950588229864698
decision_type=10 10 8 8 10 10 2 10 2 10 10 10 10 8 10 8 10 10 10 2 10 10 10 10 10 10 10 8 2 10
left_child=1 3 6 -1 -4 29 8 12 13 -10 -11 -12 14 -2 -8 -16 17 -17 19 -18 21 -20 -15 -24 -25 -21 28 -28 -27 -3
right_child=2 5 4 -5 -6 -7 7 -9 9 10 11 -13 -14 22 15 16 18 -19 20 25 -22 -23 23 24 -26 26 27 -29 -30 -31
leaf_value=-0.048523070977714196 0.10577678655775694 -0.018851189048418975 0.00069920371830251786 -0.018386968840494206 0.016170886596966572 -0.0031467926371616731 0.10362871514961999 -0.00089517421027601718 0.0025288881445830725 0.15398797299592723 0.12539237955754454 0.02521277569513768 -0.025953420763287473 -0.023098242753318378 0.10800698149089628 0.068881466247451811 0.14217836801049322 -0.014524318048649508 -0.069975076559931029 0.007325473221890786 0.050013741697263664 0.012743120151604042 0.13407487639854121 0.084680814076960084 0.023141893550844773 0.13942783223884836 0.062058811337800224 -0.02514991151935914 0.04964447686132395 0.0083030592819600957
leaf_weight=897 52 2803 3129 1183 3967 12232 51 511 53 62 66 80 85 70 52 72 43 276 48 94 118 145 43 75 572 71 107 51 53 336
leaf_count=897 52 2803 3129 1183 3967 12232 51 511 53 62 66 80 85 70 52 72 43 276 48 94 118 145 43 75 572 71 107 51 53 336
internal_value=1.01083e-11 -0.00881431 0.0154654 -0.0313832 0.00934861 -0.0057603 0.030695 0.0215361 0.0458632 0.0765295 0.0953854 0.0704994 0.0305902 0.0360061 0.0346598 0.031547 0.0278588 0.00273205 0.039837 0.0589271 0.0141176 -0.00782928 0.0312323 0.0367441 0.0302755 0.0494063 0.0634333 0.0339092 0.101053 -0.0159446
internal_weight=27397 17451 9946 2080 7096 15371 2850 1777 1073 261 208 146 1266 812 1181 1130 1078 348 730 419 311 193 760 690 647 376 282 158 124 3139
internal_count=27397 17451 9946 2080 7096 15371 2850 1777 1073 261 208 146 1266 812 1181 1130 1078 348 730 419 311 193 760 690 647 376 282 158 124 3139
is_linear=0
shrinkage=0.03


Tree=19
num_leaves=31
num_cat=0
split_feature=12 6 6 12 12 8 6 3 11 1 3 2 11 12 12 12 5 5 12 6 10 9 2 10 3 4 12 13 11 4
split_gain=3908.83 1359.39 1270.95 533.144 485.296 416.355 456.429 414.846 465.315 384.532 1477.37 347.638 332.778 388.752 383.432 326.36 323.567 376.45 319.011 315.821 334.068 312.239 307.359 304.691 313.654 274.018 384.267 273.376 680.906 261.485
threshold=4.4598204754250705 2.1203447580337529 0.81934732198715221 5.1591234894869755 3.4917948919598092 22.500000000000004 0.74788135290145885 1.0000873804092409 4.1704399749414653 4.0926945209503183 4.7363545894622812 2.6738492250442509 4.2445060120355285 4.6481114585822398 4.5654093641466451 5.0238589173975496 5.7278368473052987 4.0751552581787118 6.6097671475431197 0.14950952678918841 6.1199462643665017 5.3321561569016884 1.676349997520447 6.1074833219470284 5.636162757873536 4.7502036094665536 5.5563517323805165 8.5000000000000018 4.1738079291010317 4.2380766868591317
decision_type=10 10 8 10 10 2 10 8 10 8 8 10 10 10 10 10 10 10 10 10 10 10 8 10 10 8 10 2 10 10
left_child=1 4 5 29 22 6 7 -2 -9 -10 -11 -3 13 -7 -14 21 17 19 -12 -15 -21 -16 -1 24 -19 26 -17 28 -18 -4
right_child=2 11 3 -5 -6 12 -8 8 9 10 18 -13 14 16 15 25 27 23 -20 20 -22 -23 -24 -25 -26 -27 -28 -29 -30 -31
leaf_value=-0.052990293059848134 0.12561883740909396 -0.015769305117877486 -0.0043713483584297457 0.019953897965135088 -0.017171849155588965 0.1187091142736202 0.14314719208856908 -0.033324922690024746 2.451985508580751e-05 0.22023673771457236 0.036374917587179638 -0.0022937255597707744 0.080954771415889248 -0.0027677424110044706 -0.10774516562189983 0.11579109716398471 0.15989008931881363 0.02964040584862232 0.11474987089633941 0.10198090751902966 -0.0027303383988328276 -0.00809949574630652 -0.024033463782102252 -0.093081117694576582 -0.059073286318573455 -0.0094585074719344808 0.0016780353800407541 0.023320985630982449 0.04086817287398796 0.008453557840756824
leaf_weight=713 50 2063 2550 2276 2517 43 41 78 158 44 717 10453 50 122 49 44 51 94 50 79 42 67 614 45 58 258 67 459 285 3260
leaf_count=713 50 2063 2550 2276 2517 43 41 78 158 44 717 10453 50 122 49 44 51 94 50 79 42 67 614 45 58 258 67 459 285 3260
internal_value=1.57875e-10 -0.00930737 0.0137962 0.00764615 -0.0249116 0.0306479 0.044871 0.041198 0.0371664 0.0428407 0.0511822 -0.00451489 0.0217201 0.0300361 0.00185514 -0.00629946 0.0269487 0.00630784 0.0414841 0.0312928 0.0656349 -0.0501912 -0.039592 -0.0245112 -0.00421087 0.00749849 0.046912 0.0383725 0.058934 0.00282473
internal_weight=27397 16360 11037 8086 3844 2951 1138 1097 1047 969 811 12516 1813 1278 535 485 1235 440 767 243 121 116 1327 197 152 369 111 795 336 5810
internal_count=27397 16360 11037 8086 3844 2951 1138 1097 1047 969 811 12516 1813 1278 535 485 1235 440 767 243 121 116 1327 197 152 369 111 795 336 5810
is_linear=0
shrinkage=0.03


Tree=20
num_leaves=31
num_cat=0
split_feature=12 9 6 5 8 11 6 6 4 3 1 13 6 4 9 1 3 0 11 2 12 12 5 12 6 6 10 5 9 8
split_gain=3679.91 1204.63 910.289 430.33 388.105 354.63 348.141 329.171 476.197 325.633 336.699 480.156 302.718 394.238 296.686 360.183 933.398 308.838 324.121 544 379.779 296.446 281.618 276.885 268.618 259.174 258.678 249.639 402.177 308.875
threshold=4.5375220927805069 2.6688596491228074 0.81934732198715221 5.1524736881256112 22.500000000000004 4.2445060120355285 2.7483440637588505 0.57979625463485729 5.7464175224304208 0.69391158223152172 2.1642857789993291 9.5000000000000018 1.1451990604400637 1.0000000180025095e-35 1.800568181818182 4.0002024173736581 4.9778566360473642 6.1255865097045907 4.2390398779159186 9.0161108970642108 6.0889975144448174 4.812888697712796 8.0001139640808123 4.1887262799914726 2.1002957820892338 0.57979625463485729 4.1820908401815275 5.5398547649383554 3.2111953612845681 27.500000000000004
decision_type=10 8 8 10 2 10 10 10 10 10 10 2 10 8 8 8 8 10 10 10 10 10 10 10 8 10 10 10 8 2
left_child=1 6 4 -4 7 9 12 14 -9 -6 11 -11 -1 -14 -2 -16 -17 -18 20 -20 -19 -12 -22 24 -3 27 -5 28 -23 -29
right_child=2 23 3 26 5 -7 -8 8 -10 10 21 -13 13 -15 15 16 17 18 19 -21 22 25 -24 -25 -26 -27 -28 29 -30 -31
leaf_value=-0.014326216293339458 0.10968183471821248 -0.020079574496918693 0.0016336133859735874 0.0061361221921340204 -0.035567043836353653 -0.00081252077529698965 -0.0018005222761610022 0.15938003645223728 0.041187780952782603 0.13416823604213657 0.10655307575315237 0.025303140557371078 -0.069782137978722208 -0.031370608746870809 -0.012841372360254972 0.17200625520725937 0.014746390071704625 -0.022882242381152971 0.17815425026717341 0.035448291677770749 0.021598208333900266 0.089172526828944679 0.10172761133787306 0.00034843690074561908 -0.005922689996506884 -0.03419337816705758 0.022987771497323371 0.098358223316344348 -0.014463223686755121 0.030123303334225717
leaf_weight=666 48 1429 3650 1344 67 511 426 51 77 67 40 80 294 1321 131 46 394 71 44 53 81 40 77 5576 7739 66 2102 66 214 626
leaf_count=666 48 1429 3650 1344 67 511 426 51 77 67 40 80 294 1321 131 46 394 71 44 53 81 40 77 5576 7739 66 2102 66 214 626
internal_value=-1.25817e-11 -0.00830046 0.0145638 0.008812 0.0288847 0.0202821 -0.0266955 0.0431315 0.08828 0.0287966 0.0323932 0.0749219 -0.0313449 -0.0383632 0.0370162 0.0331277 0.0409892 0.0326187 0.054219 0.100181 0.0347504 0.0264505 0.0606486 -0.00492312 -0.0081293 0.0232844 0.0164153 0.0272945 0.00185737 0.0366313
internal_weight=27397 17451 9946 7096 2850 1777 2707 1073 128 1266 1199 147 2281 1615 945 897 766 720 326 97 229 1052 158 14744 9168 1012 3446 946 254 692
internal_count=27397 17451 9946 7096 2850 1777 2707 1073 128 1266 1199 147 2281 1615 945 897 766 720 326 97 229 1052 158 14744 9168 1012 3446 946 254 692
is_linear=0
shrinkage=0.03


Tree=21
num_leaves=31
num_cat=0
split_feature=12 6 6 12 12 8 6 3 11 11 2 13 1 11 6 10 3 8 12 10 11 4 4 8 9 5 11 12 12 12
split_gain=3464.81 1210.09 1132.32 486.137 453.69 370.342 418.968 375.088 433.483 377.16 343.052 310.125 406.844 427.844 301.363 333.133 495.671 339.379 323.134 400.185 301.006 281.744 262.905 261.584 265.719 260.605 240.5 380.274 361.455 307.072
threshold=4.4598204754250705 2.1002957820892338 0.81934732198715221 5.3250677177855374 3.658564756190184 22.500000000000004 0.74788135290145885 1.0000873804092409 4.1704399749414653 4.1743892711615489 2.6738492250442509 4.5000000000000009 4.3330178260803232 4.2118559786302239 0.4555336087942124 4.5993287939224308 6.6815638542175302 5.5000000000000009 6.2440476673192054 6.2660234422470067 4.1634765645755261 1.0000000180025095e-35 4.5002999305725107 13.500000000000002 0.85960591133004927 8.0001139640808123 4.2445060120355285 4.6481114585822398 4.5654093641466451 5.0238589173975496
decision_type=10 10 8 10 10 2 10 8 10 10 10 2 10 10 10 10 8 2 10 10 10 8 10 2 8 10 10 10 10 10
left_child=1 4 5 22 21 6 7 -2 -9 -10 -3 14 -13 -14 15 16 -11 -18 -17 -20 -7 -1 -4 24 -23 -15 27 -22 -28 -30
right_child=2 10 3 -5 -6 20 -8 8 9 11 -12 12 13 25 -16 18 17 -19 19 -21 26 23 -24 -25 -26 -27 28 -29 29 -31
leaf_value=-0.065864306777531717 0.11906381619684397 -0.015345068076681826 -0.002517943574154676 0.021537175595984039 -0.015016016359642895 0.10185815849527717 0.13646615680579732 -0.033080801946612504 0.12067411703467368 0.14514623150989717 -0.0020908302694088556 -0.015543327643112705 0.15342953579436089 0.091728862836344599 -0.046455237623304127 0.00064767944420204512 0.080416313696999184 -0.0022634757208007 0.12750268291843972 0.0065676467057387781 0.11355384046027739 -0.045265605747699736 0.0096426228424434796 -0.034621958460930226 0.053601296487308679 0.0043314499703218344 0.078630636747926475 0.022748480464890988 -0.048661089590268915 0.0072979072286043223
leaf_weight=243 50 2111 3280 1682 2214 40 41 78 50 49 10495 44 58 73 48 316 86 93 46 53 43 40 3124 1194 63 53 50 1195 116 369
leaf_count=243 50 2111 3280 1682 2214 40 41 78 50 49 10495 44 58 73 48 316 86 93 46 53 43 40 3124 1194 63 53 50 1195 116 369
internal_value=1.10611e-10 -0.00876281 0.012989 0.00718405 -0.0237141 0.0288951 0.0423093 0.0387902 0.0349567 0.0404334 -0.00431038 0.0360678 0.0664069 0.0860037 0.0260571 0.0314702 0.0606029 0.0374598 0.0154648 0.0627597 0.0204751 -0.0362191 0.00341423 -0.0306649 0.0152064 0.0549665 0.018639 0.0259025 0.00183135 -0.0060861
internal_weight=27397 16360 11037 8086 3754 2951 1138 1097 1047 969 12606 919 228 184 691 643 228 179 415 99 1813 1540 6404 1297 103 126 1773 1238 535 485
internal_count=27397 16360 11037 8086 3754 2951 1138 1097 1047 969 12606 919 228 184 691 643 228 179 415 99 1813 1540 6404 1297 103 126 1773 1238 535 485
is_linear=0
shrinkage=0.03


Tree=22
num_leaves=31
num_cat=0
split_feature=12 12 2 10 6 11 11 12 4 6 8 13 8 12 11 3 4 11 1 4 12 5 9 6 6 3 3 3 5 9
split_gain=3269.04 1311.71 587.63 487.7 876.428 555.84 576.212 478.352 413.495 400.909 336.805 576.489 313.887 299.85 545.364 376.448 399.262 445.756 319.219 312.935 285.238 278.762 264.083 436.391 620.348 577.462 409.777 381.482 337.87 315.38
threshold=4.8269209840185123 3.658564756190184 1.676349997520447 4.2895316831510231 0.89009663462638866 4.2173364180328292 4.2044619865164163 6.1338958897619085 0.33750000596046453 1.8726484775543215 25.500000000000004 3.5000000000000004 68.500000000000014 6.3032817257674401 4.1743892711615489 12.001712322235109 13.00833320617676 4.1932776299857712 2.3892779350280766 4.5002999305725107 6.2440476673192054 6.1172921657562265 1.6690476190476193 0.14950952678918841 0.20468236505985263 3.910797238349915 0.56337797641754161 3.0037031173706059 4.1042258739471444 12.026315789473687
decision_type=10 10 8 10 8 10 10 10 8 8 2 2 2 10 10 10 8 10 10 8 10 10 8 10 10 10 10 10 10 10
left_child=1 2 -1 9 5 6 -5 22 -6 -3 11 -7 -12 14 -9 18 -17 -18 19 -15 -16 -20 26 28 25 -25 -2 -26 -24 -29
right_child=7 3 -4 4 8 10 -8 13 -10 -11 12 -13 -14 15 20 16 17 -19 21 -21 -22 -23 23 24 27 -27 -28 29 -30 -31
leaf_value=-0.04149548836408766 0.012365051232723157 -0.020072266196091402 -0.014302443533890674 0.045585928483748102 -0.062130328613904211 0.020257477004671804 0.18474174467283627 0.16344901753915472 0.0019130356563518706 -0.0037003326509720672 -0.021068184168270512 0.1110832712850694 0.063296452357488514 0.018236803249368126 0.023280740020796654 0.12596473402388036 0.10272907167077064 -0.012911204732954502 -0.053789439052833538 0.12581325308481853 0.087012592799947011 0.015551276100713404 -0.058931300712845705 0.15094943656772372 -0.016355408034574262 0.035871567668760346 0.128648544135301 0.015250798010289031 0.00038483199234887032 0.081837091426436706
leaf_weight=1090 67 1524 2080 71 93 227 43 40 3722 11534 179 87 51 53 185 63 50 75 57 45 96 617 116 55 349 137 46 4241 339 65
leaf_count=1090 67 1524 2080 71 93 227 43 40 3722 11534 179 87 51 53 185 63 50 75 57 45 96 617 116 55 349 137 46 4241 339 65
internal_value=-2.49041e-11 -0.00589376 -0.0236527 -0.00268253 0.00586682 0.0378421 0.0980745 0.0182208 0.000351821 -0.0056111 0.0252199 0.0454226 -0.00236124 0.0347067 0.0598072 0.0263137 0.0643824 0.0333449 0.0170431 0.0676342 0.0450539 0.00968715 0.0143208 0.0133537 0.0159906 0.0688366 0.0597017 0.013811 -0.0147375 0.0162559
internal_weight=27397 20701 3170 17531 4473 658 114 6696 3815 13058 544 314 230 1281 321 960 188 125 772 98 281 674 5415 5302 4847 192 113 4655 455 4306
internal_count=27397 20701 3170 17531 4473 658 114 6696 3815 13058 544 314 230 1281 321 960 188 125 772 98 281 674 5415 5302 4847 192 113 4655 455 4306
is_linear=0
shrinkage=0.03


end of trees

feature_importances:
eff_shrunk_rate=107
eff_league_prior_rate=77
player_carries_career_prior=75
player_yards_per_carry_season_to_date=60
player_yards_per_carry_roll5_mean=58
history_history_games=56
player_yards_per_carry_career_prior=54
eff_player_prior_rate=44
player_yards_per_carry_ewm5=42
player_yards_per_carry_roll3_mean=40
eff_player_prior_exposure=30
eff_position_prior_rate=24
player_yards_per_carry_lag1=23

parameters:
[boosting: gbdt]
[objective: regression]
[metric: rmse]
[tree_learner: serial]
[device_type: cpu]
[data_sample_strategy: bagging]
[data: ]
[valid: ]
[num_iterations: 23]
[learning_rate: 0.03]
[num_leaves: 31]
[num_threads: 1]
[seed: 23023]
[deterministic: 1]
[force_col_wise: 1]
[force_row_wise: 0]
[histogram_pool_size: -1]
[max_depth: -1]
[min_data_in_leaf: 40]
[min_sum_hessian_in_leaf: 0.001]
[bagging_fraction: 1]
[pos_bagging_fraction: 1]
[neg_bagging_fraction: 1]
[bagging_freq: 0]
[bagging_seed: 23023]
[bagging_by_query: 0]
[feature_fraction: 1]
[feature_fraction_bynode: 1]
[feature_fraction_seed: 23023]
[extra_trees: 0]
[extra_seed: 9987]
[early_stopping_round: 0]
[early_stopping_min_delta: 0]
[first_metric_only: 0]
[max_delta_step: 0]
[lambda_l1: 0]
[lambda_l2: 0]
[linear_lambda: 0]
[min_gain_to_split: 0]
[drop_rate: 0.1]
[max_drop: 50]
[skip_drop: 0.5]
[xgboost_dart_mode: 0]
[uniform_drop: 0]
[drop_seed: 4121]
[top_rate: 0.2]
[other_rate: 0.1]
[min_data_per_group: 100]
[max_cat_threshold: 32]
[cat_l2: 10]
[cat_smooth: 10]
[max_cat_to_onehot: 4]
[top_k: 20]
[monotone_constraints: ]
[monotone_constraints_method: basic]
[monotone_penalty: 0]
[feature_contri: ]
[forcedsplits_filename: ]
[refit_decay_rate: 0.9]
[cegb_tradeoff: 1]
[cegb_penalty_split: 0]
[cegb_penalty_feature_lazy: ]
[cegb_penalty_feature_coupled: ]
[path_smooth: 0]
[interaction_constraints: ]
[verbosity: -1]
[saved_feature_importance_type: 0]
[use_quantized_grad: 0]
[num_grad_quant_bins: 4]
[quant_train_renew_leaf: 0]
[stochastic_rounding: 1]
[linear_tree: 0]
[max_bin: 255]
[max_bin_by_feature: ]
[min_data_in_bin: 3]
[bin_construct_sample_cnt: 200000]
[data_random_seed: 23023]
[is_enable_sparse: 1]
[enable_bundle: 1]
[use_missing: 1]
[zero_as_missing: 0]
[feature_pre_filter: 1]
[pre_partition: 0]
[two_round: 0]
[header: 0]
[label_column: ]
[weight_column: ]
[group_column: ]
[ignore_column: ]
[categorical_feature: ]
[forcedbins_filename: ]
[precise_float_parser: 0]
[parser_config_file: ]
[objective_seed: 11606]
[num_class: 1]
[is_unbalance: 0]
[scale_pos_weight: 1]
[sigmoid: 1]
[boost_from_average: 1]
[reg_sqrt: 0]
[alpha: 0.9]
[fair_c: 1]
[poisson_max_delta_step: 0.7]
[tweedie_variance_power: 1.5]
[lambdarank_truncation_level: 30]
[lambdarank_norm: 1]
[label_gain: ]
[lambdarank_position_bias_regularization: 0]
[eval_at: ]
[multi_error_top_k: 1]
[auc_mu_weights: ]
[num_machines: 1]
[local_listen_port: 12400]
[time_out: 120]
[machine_list_filename: ]
[machines: ]
[gpu_platform_id: -1]
[gpu_device_id: -1]
[gpu_use_dp: 0]
[num_gpu: 1]

end of parameters

pandas_categorical:[]
